1:1,2,6,7,8,14,16,
2:1,2,4,5,8,12,14,
3:3,7,8,9,21,27,28,
4:2,4,5,11,13,14,32,
5:2,4,5,10,12,13,19,
6:1,6,14,15,16,20,25,
7:1,3,7,8,16,21,39,
8:1,2,3,7,8,9,12,
9:3,8,9,12,17,28,59,
10:5,10,12,17,19,45,47,
11:4,11,13,22,32,38,49,
12:2,5,8,9,10,12,17,
13:4,5,11,13,18,19,22,
14:1,2,4,6,14,15,32,
15:6,14,15,20,29,30,32,
16:1,6,7,16,23,25,39,
17:9,10,12,17,45,52,59,
18:13,18,19,22,46,57,72,
19:5,10,13,18,19,46,47,
20:6,15,20,24,25,29,36,
21:3,7,21,27,35,39,50,
22:11,13,18,22,49,57,1023,
23:16,23,25,39,43,56,70,
24:20,24,25,36,43,53,68,
25:6,16,20,23,24,25,43,
26:26,31,33,34,35,37,48,
27:3,21,27,28,34,35,40,
28:3,9,27,28,40,51,59,
29:15,20,29,30,36,44,63,
30:15,29,30,32,38,44,55,
31:26,31,33,35,50,64,76,
32:4,11,14,15,30,32,38,
33:26,31,33,37,58,64,87,
34:26,27,34,35,40,48,65,
35:21,26,27,31,34,35,50,
36:20,24,29,36,42,53,63,
37:26,33,37,48,54,58,69,
38:11,30,32,38,49,55,92,
39:7,16,21,23,39,50,56,
40:27,28,34,40,51,65,77,
41:41,45,47,60,61,100,101,
42:36,42,53,62,63,74,81,
43:23,24,25,43,68,70,96,
44:29,30,44,55,63,95,97,
45:10,17,41,45,47,52,60,
46:18,19,46,47,61,72,79,
47:10,19,41,45,46,47,61,
48:26,34,37,48,65,69,75,
49:11,22,38,49,92,109,1023,
50:21,31,35,39,50,56,76,
51:28,40,51,59,77,78,83,
52:17,45,52,59,60,78,84,
53:24,36,42,53,68,81,111,
54:37,54,58,69,73,80,82,
55:30,38,44,55,89,92,97,
56:23,39,50,56,70,76,108,
57:18,22,57,66,71,72,1023,
58:33,37,54,58,80,87,106,
59:9,17,28,51,52,59,78,
60:41,45,52,60,84,101,123,
61:41,46,47,61,79,100,124,
62:42,62,63,74,95,117,119,
63:29,36,42,44,62,63,95,
64:31,33,64,76,87,
65:34,40,48,65,75,77,88,
66:57,66,71,98,140,171,1023,
67:67,74,81,85,93,103,104,
68:24,43,53,68,96,111,136,
69:37,48,54,69,75,82,112,
70:23,43,56,70,96,108,138,
71:57,66,71,72,110,140,141,
72:18,46,57,71,72,79,110,
73:54,73,80,82,90,91,105,
74:42,62,67,74,81,93,117,
75:48,65,69,75,88,107,112,
76:31,50,56,64,76,87,108,
77:40,51,65,77,83,88,113,
78:51,52,59,78,83,84,99,
79:46,61,72,79,110,115,124,
80:54,58,73,80,90,106,116,
81:42,53,67,74,81,104,111,
82:54,69,73,82,91,94,112,
83:51,77,78,83,99,113,128,
84:52,60,78,84,99,123,129,
85:67,85,102,103,104,135,143,
86:86,95,97,119,120,121,137,
87:33,58,64,76,87,106,108,
88:65,75,77,88,107,113,122,
89:55,89,92,97,121,139,154,
90:73,80,90,105,116,132,165,
91:73,82,91,94,105,118,126,
92:38,49,55,89,92,109,154,
93:67,74,93,103,117,157,163,
94:82,91,94,112,118,133,145,
95:44,62,63,86,95,97,119,
96:43,68,70,96,136,138,152,
97:44,55,86,89,95,97,121,
98:66,98,109,159,160,171,1023,
99:78,83,84,99,114,128,129,
100:41,61,100,101,124,130,131,
101:41,60,100,101,123,131,161,
102:85,102,104,142,143,144,162,
103:67,85,93,103,135,163,174,
104:67,81,85,102,104,111,144,
105:73,90,91,105,126,132,150,
106:58,80,87,106,108,116,138,
107:75,88,107,112,122,134,145,
108:56,70,76,87,106,108,138,
109:49,92,98,109,154,159,1023,
110:71,72,79,110,115,141,147,
111:53,68,81,104,111,136,144,
112:69,75,82,94,107,112,145,
113:77,83,88,113,122,127,128,
114:99,114,128,129,172,182,211,
115:79,110,115,124,147,155,188,
116:80,90,106,116,138,152,165,
117:62,74,93,117,119,157,179,
118:91,94,118,125,126,133,151,
119:62,86,95,117,119,137,179,
120:86,120,121,137,146,167,176,
121:86,89,97,120,121,139,146,
122:88,107,113,122,127,134,153,
123:60,84,101,123,129,161,219,
124:61,79,100,115,124,130,155,
125:118,125,133,148,149,151,164,
126:91,105,118,126,150,151,184,
127:113,122,127,128,153,170,172,
128:83,99,113,114,127,128,172,
129:84,99,114,123,129,182,219,
130:100,124,130,131,155,197,205,
131:100,101,130,131,161,197,220,
132:90,105,132,150,156,165,178,
133:94,118,125,133,145,149,166,
134:107,122,134,145,153,166,185,
135:85,103,135,143,173,174,198,
136:68,96,111,136,144,152,175,
137:86,119,120,137,176,179,209,
138:70,96,106,108,116,138,152,
139:89,121,139,146,154,169,186,
140:66,71,140,141,171,195,196,
141:71,110,140,141,147,196,212,
142:102,142,144,156,162,175,177,
143:85,102,135,143,162,173,214,
144:102,104,111,136,142,144,175,
145:94,107,112,133,134,145,166,
146:120,121,139,146,167,168,186,
147:110,115,141,147,188,212,231,
148:125,148,149,164,183,199,216,
149:125,133,148,149,166,183,200,
150:105,126,132,150,178,184,207,
151:118,125,126,151,164,184,208,
152:96,116,136,138,152,165,175,
153:122,127,134,153,170,185,202,
154:89,92,109,139,154,159,169,
155:115,124,130,155,188,205,232,
156:132,142,156,165,175,177,178,
157:93,117,157,163,179,190,222,
158:158,170,172,210,211,217,243,
159:98,109,154,159,160,169,181,
160:98,159,160,171,181,218,225,
161:101,123,131,161,219,220,254,
162:102,142,143,162,177,214,221,
163:93,103,157,163,174,189,190,
164:125,148,151,164,199,208,248,
165:90,116,132,152,156,165,175,
166:133,134,145,149,166,185,200,
167:120,146,167,168,176,201,239,
168:146,167,168,186,201,203,204,
169:139,154,159,169,181,186,224,
170:127,153,158,170,172,202,210,
171:66,98,140,160,171,195,218,
172:114,127,128,158,170,172,211,
173:135,143,173,198,213,214,233,
174:103,135,163,174,189,198,206,
175:136,142,144,152,156,165,175,
176:120,137,167,176,209,239,261,
177:142,156,162,177,178,215,221,
178:132,150,156,177,178,207,215,
179:117,119,137,157,179,209,222,
180:180,183,187,192,200,228,238,
181:159,160,169,181,224,225,252,
182:114,129,182,211,219,258,277,
183:148,149,180,183,200,216,238,
184:126,150,151,184,207,208,227,
185:134,153,166,185,200,202,228,
186:139,146,168,169,186,204,224,
187:180,187,192,193,223,228,257,
188:115,147,155,188,231,232,279,
189:163,174,189,190,206,234,235,
190:157,163,189,190,222,235,236,
191:191,192,193,194,237,240,272,
192:180,187,191,192,193,237,238,
193:187,191,192,193,194,241,257,
194:191,193,194,230,240,241,242,
195:140,171,195,196,218,253,275,
196:140,141,195,196,212,253,269,
197:130,131,197,205,220,259,278,
198:135,173,174,198,206,233,244,
199:148,164,199,216,248,260,266,
200:149,166,180,183,185,200,228,
201:167,168,201,203,229,239,287,
202:153,170,185,202,210,223,228,
203:168,201,203,204,229,251,262,
204:168,186,203,204,224,250,251,
205:130,155,197,205,232,259,263,
206:174,189,198,206,234,244,264,
207:150,178,184,207,215,227,249,
208:151,164,184,208,227,248,286,
209:137,176,179,209,222,261,267,
210:158,170,202,210,223,243,273,
211:114,158,172,182,211,217,277,
212:141,147,196,212,231,269,292,
213:173,213,214,226,233,245,246,
214:143,162,173,213,214,221,226,
215:177,178,207,215,221,249,255,
216:148,183,199,216,238,256,260,
217:158,211,217,243,277,303,334,
218:160,171,195,218,225,275,276,
219:123,129,161,182,219,254,258,
220:131,161,197,220,254,278,304,
221:162,177,214,215,221,226,255,
222:157,179,190,209,222,236,267,
223:187,202,210,223,228,257,273,
224:169,181,186,204,224,250,252,
225:160,181,218,225,252,276,302,
226:213,214,221,226,246,247,255,
227:184,207,208,227,249,286,325,
228:180,185,187,200,202,223,228,
229:201,203,229,262,287,307,326,
230:194,230,240,242,268,274,288,
231:147,188,212,231,279,292,305,
232:155,188,205,232,263,279,328,
233:173,198,213,233,244,245,280,
234:189,206,234,235,264,265,311,
235:189,190,234,235,236,265,270,
236:190,222,235,236,267,270,313,
237:191,192,237,238,256,271,272,
238:180,183,192,216,237,238,256,
239:167,176,201,239,261,287,315,
240:191,194,230,240,272,288,298,
241:193,194,241,242,257,290,299,
242:194,230,241,242,274,290,319,
243:158,210,217,243,273,301,303,
244:198,206,233,244,264,280,306,
245:213,233,245,246,280,281,310,
246:213,226,245,246,247,281,283,
247:226,246,247,255,282,283,284,
248:164,199,208,248,266,286,316,
249:207,215,227,249,255,284,325,
250:204,224,250,251,252,291,300,
251:203,204,250,251,262,300,309,
252:181,224,225,250,252,291,302,
253:195,196,253,269,275,335,349,
254:161,219,220,254,258,304,336,
255:215,221,226,247,249,255,284,
256:216,237,238,256,260,271,296,
257:187,193,223,241,257,273,299,
258:182,219,254,258,277,336,359,
259:197,205,259,263,278,327,350,
260:199,216,256,260,266,296,340,
261:176,209,239,261,267,315,331,
262:203,229,251,262,289,307,309,
263:205,232,259,263,327,328,377,
264:206,234,244,264,294,306,311,
265:234,235,265,270,311,352,353,
266:199,248,260,266,316,340,373,
267:209,222,236,261,267,313,331,
268:230,268,274,288,317,318,356,
269:196,212,253,269,292,349,368,
270:235,236,265,270,313,353,364,
271:237,256,271,272,296,297,341,
272:191,237,240,271,272,297,298,
273:210,223,243,257,273,299,301,
274:230,242,268,274,318,319,357,
275:195,218,253,275,276,335,348,
276:218,225,275,276,302,348,358,
277:182,211,217,258,277,334,359,
278:197,220,259,278,304,320,350,
279:188,231,232,279,305,328,376,
280:233,244,245,280,306,310,351,
281:245,246,281,283,310,324,330,
282:247,282,283,284,285,323,338,
283:246,247,281,282,283,323,324,
284:247,249,255,282,284,285,325,
285:282,284,285,314,325,338,339,
286:208,227,248,286,314,316,325,
287:201,229,239,287,315,326,374,
288:230,240,268,288,298,308,356,
289:262,289,307,309,333,342,384,
290:241,242,290,299,319,346,385,
291:250,252,291,300,302,345,347,
292:212,231,269,292,305,368,369,
293:293,294,295,306,322,351,360,
294:264,293,294,295,306,311,312,
295:293,294,295,312,322,402,411,
296:256,260,271,296,340,341,388,
297:271,272,297,298,341,355,389,
298:240,272,288,297,298,308,355,
299:241,257,273,290,299,301,346,
300:250,251,291,300,309,344,345,
301:243,273,299,301,303,346,396,
302:225,252,276,291,302,347,358,
303:217,243,301,303,334,396,397,
304:220,254,278,304,320,336,410,
305:231,279,292,305,369,376,398,
306:244,264,280,293,294,306,351,
307:229,262,289,307,326,384,406,
308:288,298,308,355,356,375,390,
309:251,262,289,300,309,333,344,
310:245,280,281,310,330,351,371,
311:234,264,265,294,311,312,352,
312:294,295,311,312,352,402,403,
313:236,267,270,313,331,364,372,
314:285,286,314,316,325,339,354,
315:239,261,287,315,331,365,374,
316:248,266,286,314,316,354,373,
317:268,317,318,332,343,356,366,
318:268,274,317,318,343,357,392,
319:242,274,290,319,357,385,394,
320:278,304,320,350,378,410,443,
321:321,324,329,330,337,361,413,
322:293,295,322,360,362,387,411,
323:282,283,323,324,337,338,382,
324:281,283,321,323,324,330,337,
325:227,249,284,285,286,314,325,
326:229,287,307,326,374,406,436,
327:259,263,327,350,370,377,399,
328:232,263,279,328,376,377,444,
329:321,329,330,361,371,379,380,
330:281,310,321,324,329,330,371,
331:261,267,313,315,331,365,372,
332:317,332,343,366,367,391,416,
333:289,309,333,342,344,417,419,
334:217,277,303,334,359,397,459,
335:253,275,335,348,349,420,432,
336:254,258,304,336,359,410,433,
337:321,323,324,337,382,413,461,
338:282,285,323,338,339,382,405,
339:285,314,338,339,354,405,424,
340:260,266,296,340,373,388,414,
341:271,296,297,341,388,389,415,
342:289,333,342,384,417,427,465,
343:317,318,332,343,367,392,393,
344:300,309,333,344,345,395,419,
345:291,300,344,345,347,386,395,
346:290,299,301,346,385,396,430,
347:291,302,345,347,358,386,408,
348:275,276,335,348,358,409,432,
349:253,269,335,349,368,420,441,
350:259,278,320,327,350,370,378,
351:280,293,306,310,351,360,371,
352:265,311,312,352,353,403,423,
353:265,270,352,353,364,423,435,
354:314,316,339,354,373,424,458,
355:297,298,308,355,389,390,426,
356:268,288,308,317,356,366,375,
357:274,318,319,357,392,394,438,
358:276,302,347,348,358,408,409,
359:258,277,334,336,359,433,459,
360:293,322,351,360,362,371,379,
361:321,329,361,363,380,404,413,
362:322,360,362,379,381,387,400,
363:361,363,380,383,404,445,457,
364:270,313,353,364,372,425,435,
365:315,331,365,372,374,448,449,
366:317,332,356,366,375,416,451,
367:332,343,367,391,393,407,453,
368:269,292,349,368,369,421,441,
369:292,305,368,369,398,421,460,
370:327,350,370,378,399,504,519,
371:310,329,330,351,360,371,379,
372:313,331,364,365,372,425,449,
373:266,316,340,354,373,414,458,
374:287,315,326,365,374,436,448,
375:308,356,366,375,390,451,452,
376:279,305,328,376,398,444,472,
377:263,327,328,377,399,444,492,
378:320,350,370,378,443,518,519,
379:329,360,362,371,379,380,381,
380:329,361,363,379,380,381,383,
381:362,379,380,381,383,400,412,
382:323,337,338,382,405,461,462,
383:363,380,381,383,401,412,457,
384:289,307,342,384,406,465,485,
385:290,319,346,385,394,430,456,
386:345,347,386,395,408,429,454,
387:322,362,387,400,411,493,494,
388:296,340,341,388,414,415,450,
389:297,341,355,389,415,426,484,
390:308,355,375,390,426,452,466,
391:332,367,391,416,428,453,469,
392:318,343,357,392,393,438,455,
393:343,367,392,393,407,418,455,
394:319,357,385,394,438,456,488,
395:344,345,386,395,419,454,475,
396:301,303,346,396,397,430,490,
397:303,334,396,397,459,490,515,
398:305,369,376,398,460,472,491,
399:327,370,377,399,476,492,504,
400:362,381,387,400,412,494,497,
401:383,401,412,457,477,495,496,
402:295,312,402,403,411,498,505,
403:312,352,402,403,423,498,506,
404:361,363,404,413,422,445,446,
405:338,339,382,405,424,434,462,
406:307,326,384,406,436,485,510,
407:367,393,407,418,453,467,486,
408:347,358,386,408,409,429,431,
409:348,358,408,409,431,432,439,
410:304,320,336,410,433,443,503,
411:295,322,387,402,411,493,505,
412:381,383,400,401,412,496,497,
413:321,337,361,404,413,422,461,
414:340,373,388,414,450,458,464,
415:341,388,389,415,450,484,511,
416:332,366,391,416,428,437,451,
417:333,342,417,419,427,499,512,
418:393,407,418,455,467,470,471,
419:333,344,395,417,419,475,499,
420:335,349,420,432,440,441,526,
421:368,369,421,441,460,516,517,
422:404,413,422,446,461,473,481,
423:352,353,403,423,435,506,507,
424:339,354,405,424,434,447,458,
425:364,372,425,435,449,521,532,
426:355,389,390,426,466,484,523,
427:342,417,427,465,512,
428:391,416,428,437,469,
429:386,408,429,431,454,502,524,
430:346,385,396,430,456,490,525,
431:408,409,429,431,439,489,502,
432:335,348,409,420,432,439,440,
433:336,359,410,433,459,503,555,
434:405,424,434,447,462,479,480,
435:353,364,423,425,435,507,521,
436:326,374,406,436,448,508,510,
437:416,428,437,451,468,469,513,
438:357,392,394,438,455,488,501,
439:409,431,432,439,440,489,1024,
440:420,432,439,440,442,526,1024,
441:349,368,420,421,441,516,526,
442:440,442,526,540,541,551,1024,
443:320,378,410,443,503,518,582,
444:328,376,377,444,472,492,527,
445:363,404,445,446,457,478,529,
446:404,422,445,446,481,529,531,
447:424,434,447,458,463,464,480,
448:365,374,436,448,449,508,533,
449:365,372,425,448,449,532,533,
450:388,414,415,450,464,474,511,
451:366,375,416,437,451,452,468,
452:375,390,451,452,466,468,487,
453:367,391,407,453,469,486,535,
454:386,395,429,454,475,524,549,
455:392,393,418,438,455,471,501,
456:385,394,430,456,488,525,539,
457:363,383,401,445,457,478,495,
458:354,373,414,424,447,458,464,
459:334,359,397,433,459,515,555,
460:369,398,421,460,491,517,542,
461:337,382,413,422,461,462,473,
462:382,405,434,461,462,473,479,
463:447,463,464,474,480,520,544,
464:414,447,450,458,463,464,474,
465:342,384,427,465,485,512,552,
466:390,426,452,466,487,523,553,
467:407,418,467,470,486,548,567,
468:437,451,452,468,487,513,536,
469:391,428,437,453,469,513,535,
470:418,467,470,471,500,537,548,
471:418,455,470,471,500,501,550,
472:376,398,444,472,491,527,559,
473:422,461,462,473,479,481,482,
474:450,463,464,474,511,544,547,
475:395,419,454,475,499,549,566,
476:399,476,492,504,570,594,622,
477:401,477,495,496,528,
478:445,457,478,495,529,556,573,
479:434,462,473,479,480,482,483,
480:434,447,463,479,480,483,520,
481:422,446,473,481,482,509,531,
482:473,479,481,482,483,509,522,
483:479,480,482,483,520,522,546,
484:389,415,426,484,511,523,534,
485:384,406,465,485,510,552,563,
486:407,453,467,486,535,564,567,
487:452,466,468,487,536,553,565,
488:394,438,456,488,501,539,580,
489:431,439,489,502,558,568,1024,
490:396,397,430,490,515,525,581,
491:398,460,472,491,542,559,593,
492:377,399,444,476,492,527,570,
493:387,411,493,494,505,595,596,
494:387,400,493,494,497,583,596,
495:401,457,477,478,495,528,556,
496:401,412,477,496,497,528,571,
497:400,412,494,496,497,571,583,
498:402,403,498,505,506,572,606,
499:417,419,475,499,512,566,599,
500:470,471,500,514,537,550,554,
501:438,455,471,488,501,550,580,
502:429,431,489,502,524,558,601,
503:410,433,443,503,555,582,620,
504:370,399,476,504,519,622,623,
505:402,411,493,498,505,595,606,
506:403,423,498,506,507,572,574,
507:423,435,506,507,521,561,574,
508:436,448,508,510,533,577,598,
509:481,482,509,522,530,531,562,
510:406,436,485,508,510,563,577,
511:415,450,474,484,511,534,547,
512:417,427,465,499,512,552,599,
513:437,468,469,513,535,536,557,
514:500,514,537,538,554,589,600,
515:397,459,490,515,555,581,613,
516:421,441,516,517,526,541,591,
517:421,460,516,517,542,591,592,
518:378,443,518,519,582,605,646,
519:370,378,504,518,519,605,623,
520:463,480,483,520,544,545,546,
521:425,435,507,521,532,561,585,
522:482,483,509,522,546,562,610,
523:426,466,484,523,534,553,587,
524:429,454,502,524,549,601,628,
525:430,456,490,525,539,581,603,
526:420,440,441,442,516,526,541,
527:444,472,492,527,559,570,630,
528:477,495,496,528,556,571,597,
529:445,446,478,529,531,543,573,
530:509,530,531,543,562,575,607,
531:446,481,509,529,530,531,543,
532:425,449,521,532,533,585,609,
533:448,449,508,532,533,598,609,
534:484,511,523,534,547,578,587,
535:453,469,486,513,535,557,564,
536:468,487,513,536,557,565,588,
537:470,500,514,537,548,600,616,
538:514,538,554,589,590,611,618,
539:456,488,525,539,580,603,619,
540:442,540,541,551,569,612,1025,
541:442,516,526,540,541,569,591,
542:460,491,517,542,592,593,621,
543:529,530,531,543,573,584,607,
544:463,474,520,544,545,547,576,
545:520,544,545,546,576,579,586,
546:483,520,522,545,546,579,610,
547:474,511,534,544,547,576,578,
548:467,470,537,548,567,616,627,
549:454,475,524,549,566,628,643,
550:471,500,501,550,554,580,602,
551:442,540,551,568,604,612,1024,
552:465,485,512,552,563,599,614,
553:466,487,523,553,565,587,615,
554:500,514,538,550,554,602,611,
555:433,459,503,515,555,613,620,
556:478,495,528,556,560,573,597,
557:513,535,536,557,564,588,617,
558:489,502,558,568,601,629,672,
559:472,491,527,559,593,630,657,
560:556,560,573,584,597,651,659,
561:507,521,561,574,585,650,653,
562:509,522,530,562,575,610,624,
563:485,510,552,563,577,614,642,
564:486,535,557,564,567,617,644,
565:487,536,553,565,588,615,634,
566:475,499,549,566,599,643,664,
567:467,486,548,564,567,627,644,
568:489,551,558,568,604,629,1024,
569:540,541,569,591,636,637,1025,
570:476,492,527,570,594,630,669,
571:496,497,528,571,583,597,632,
572:498,506,572,574,606,647,648,
573:478,529,543,556,560,573,584,
574:506,507,561,572,574,648,650,
575:530,562,575,607,624,640,649,
576:544,545,547,576,578,586,626,
577:508,510,563,577,598,642,661,
578:534,547,576,578,587,626,662,
579:545,546,579,586,608,610,625,
580:488,501,539,550,580,602,619,
581:490,515,525,581,603,613,674,
582:443,503,518,582,620,646,681,
583:494,497,571,583,596,631,632,
584:543,560,573,584,607,651,652,
585:521,532,561,585,609,641,653,
586:545,576,579,586,625,626,663,
587:523,534,553,578,587,615,662,
588:536,557,565,588,617,634,645,
589:514,538,589,590,600,656,665,
590:538,589,590,618,635,665,679,
591:516,517,541,569,591,592,636,
592:517,542,591,592,621,636,668,
593:491,542,559,593,621,657,675,
594:476,570,594,622,669,682,688,
595:493,505,595,596,606,638,639,
596:493,494,583,595,596,631,638,
597:528,556,560,571,597,632,659,
598:508,533,577,598,609,660,661,
599:499,512,552,566,599,614,664,
600:514,537,589,600,616,656,671,
601:502,524,558,601,628,672,700,
602:550,554,580,602,611,619,666,
603:525,539,581,603,619,674,680,
604:551,568,604,612,629,702,718,
605:518,519,605,623,646,687,710,
606:498,505,572,595,606,639,647,
607:530,543,575,584,607,649,652,
608:579,608,610,624,625,633,670,
609:532,533,585,598,609,641,660,
610:522,546,562,579,608,610,624,
611:538,554,602,611,618,666,701,
612:540,551,604,612,686,702,1025,
613:515,555,581,613,620,667,674,
614:552,563,599,614,642,664,697,
615:553,565,587,615,634,662,685,
616:537,548,600,616,627,671,676,
617:557,564,588,617,644,645,677,
618:538,590,611,618,635,701,731,
619:539,580,602,603,619,666,680,
620:503,555,582,613,620,667,681,
621:542,592,593,621,668,675,709,
622:476,504,594,622,623,688,694,
623:504,519,605,622,623,687,694,
624:562,575,608,610,624,640,670,
625:579,586,608,625,633,663,684,
626:576,578,586,626,655,662,663,
627:548,567,616,627,644,676,692,
628:524,549,601,628,643,700,728,
629:558,568,604,629,672,718,740,
630:527,559,570,630,657,669,721,
631:583,596,631,632,638,658,683,
632:571,583,597,631,632,658,659,
633:608,625,633,654,670,684,691,
634:565,588,615,634,645,678,685,
635:590,618,635,679,693,731,752,
636:569,591,592,636,637,668,1026,
637:569,636,637,673,703,1025,1026,
638:595,596,631,638,639,683,705,
639:595,606,638,639,647,695,705,
640:575,624,640,649,670,690,696,
641:585,609,641,653,660,712,726,
642:563,577,614,642,661,697,713,
643:549,566,628,643,664,728,747,
644:564,567,617,627,644,677,692,
645:588,617,634,645,677,678,715,
646:518,582,605,646,681,710,742,
647:572,606,639,647,648,695,711,
648:572,574,647,648,650,711,717,
649:575,607,640,649,652,696,724,
650:561,574,648,650,653,717,725,
651:560,584,651,652,659,706,745,
652:584,607,649,651,652,724,745,
653:561,585,641,650,653,712,725,
654:633,654,670,690,691,707,756,
655:626,655,662,663,685,698,699,
656:589,600,656,665,671,729,739,
657:559,593,630,657,675,704,721,
658:631,632,658,659,683,689,706,
659:560,597,632,651,658,659,706,
660:598,609,641,660,661,726,737,
661:577,598,642,660,661,713,737,
662:578,587,615,626,655,662,685,
663:586,625,626,655,663,684,698,
664:566,599,614,643,664,697,747,
665:589,590,656,665,679,739,757,
666:602,611,619,666,680,701,741,
667:613,620,667,674,681,708,734,
668:592,621,636,668,709,720,1026,
669:570,594,630,669,682,716,721,
670:608,624,633,640,654,670,690,
671:600,616,656,671,676,729,749,
672:558,601,629,672,700,740,773,
673:637,673,686,703,732,751,1025,
674:581,603,613,667,674,680,708,
675:593,621,657,675,704,709,768,
676:616,627,671,676,692,749,758,
677:617,644,645,677,692,715,730,
678:634,645,678,685,699,715,750,
679:590,635,665,679,693,757,765,
680:603,619,666,674,680,708,741,
681:582,620,646,667,681,734,742,
682:594,669,682,688,716,
683:631,638,658,683,689,705,722,
684:625,633,663,684,691,698,771,
685:615,634,655,662,678,685,699,
686:612,673,686,702,751,780,1025,
687:605,623,687,694,710,781,784,
688:594,622,682,688,694,716,762,
689:658,683,689,706,722,736,770,
690:640,654,670,690,696,723,756,
691:633,654,684,691,707,714,771,
692:627,644,676,677,692,730,758,
693:635,679,693,719,752,759,765,
694:622,623,687,688,694,762,784,
695:639,647,695,705,711,755,769,
696:640,649,690,696,723,724,744,
697:614,642,664,697,713,747,779,
698:655,663,684,698,699,738,771,
699:655,678,685,698,699,738,750,
700:601,628,672,700,728,773,798,
701:611,618,666,701,731,741,766,
702:604,612,686,702,718,780,826,
703:637,673,703,732,733,735,1026,
704:657,675,704,721,743,768,801,
705:638,639,683,695,705,722,755,
706:651,658,659,689,706,736,745,
707:654,691,707,714,756,764,795,
708:667,674,680,708,734,741,776,
709:621,668,675,709,720,768,783,
710:605,646,687,710,742,781,782,
711:647,648,695,711,717,769,778,
712:641,653,712,725,726,791,804,
713:642,661,697,713,737,779,796,
714:691,707,714,727,746,764,771,
715:645,677,678,715,730,750,775,
716:669,682,688,716,721,743,762,
717:648,650,711,717,725,778,803,
718:604,629,702,718,740,826,835,
719:693,719,752,753,759,827,850,
720:668,709,720,735,777,783,1026,
721:630,657,669,704,716,721,743,
722:683,689,705,722,755,770,794,
723:690,696,723,744,756,790,802,
724:649,652,696,724,744,745,763,
725:650,653,712,717,725,803,804,
726:641,660,712,726,737,791,805,
727:714,727,738,746,748,771,772,
728:628,643,700,728,747,798,819,
729:656,671,729,739,749,809,820,
730:677,692,715,730,758,775,792,
731:618,635,701,731,752,766,832,
732:673,703,732,733,751,786,822,
733:703,732,733,735,754,760,786,
734:667,681,708,734,742,767,776,
735:703,720,733,735,754,777,1026,
736:689,706,736,745,763,770,785,
737:660,661,713,726,737,796,805,
738:698,699,727,738,748,750,771,
739:656,665,729,739,757,820,830,
740:629,672,718,740,773,835,839,
741:666,680,701,708,741,766,776,
742:646,681,710,734,742,767,782,
743:704,716,721,743,762,793,801,
744:696,723,724,744,763,802,811,
745:651,652,706,724,736,745,763,
746:714,727,746,764,772,818,829,
747:643,664,697,728,747,779,819,
748:727,738,748,750,772,774,775,
749:671,676,729,749,758,809,821,
750:678,699,715,738,748,750,775,
751:673,686,732,751,780,822,869,
752:635,693,719,731,752,832,850,
753:719,753,759,789,799,827,836,
754:733,735,754,760,761,777,788,
755:695,705,722,755,769,794,816,
756:654,690,707,723,756,790,795,
757:665,679,739,757,765,830,834,
758:676,692,730,749,758,792,821,
759:693,719,753,759,765,836,840,
760:733,754,760,761,786,810,842,
761:754,760,761,787,788,800,810,
762:688,694,716,743,762,784,793,
763:724,736,744,745,763,785,811,
764:707,714,746,764,795,825,829,
765:679,693,757,759,765,834,840,
766:701,731,741,766,776,807,832,
767:734,742,767,776,782,807,828,
768:675,704,709,768,783,801,833,
769:695,711,755,769,778,816,838,
770:689,722,736,770,785,794,808,
771:684,691,698,714,727,738,771,
772:727,746,748,772,774,797,818,
773:672,700,740,773,798,839,872,
774:748,772,774,775,792,797,806,
775:715,730,748,750,774,775,792,
776:708,734,741,766,767,776,807,
777:720,735,754,777,783,788,815,
778:711,717,769,778,803,838,860,
779:697,713,747,779,796,819,848,
780:686,702,751,780,826,869,887,
781:687,710,781,782,784,837,845,
782:710,742,767,781,782,828,845,
783:709,720,768,777,783,815,833,
784:687,694,762,781,784,793,837,
785:736,763,770,785,808,811,817,
786:732,733,760,786,822,842,873,
787:761,787,789,799,800,810,841,
788:754,761,777,788,800,815,857,
789:753,787,789,799,800,827,856,
790:723,756,790,795,802,812,813,
791:712,726,791,804,805,851,852,
792:730,758,774,775,792,806,821,
793:743,762,784,793,801,823,837,
794:722,755,770,794,808,816,846,
795:707,756,764,790,795,813,825,
796:713,737,779,796,805,848,854,
797:772,774,797,806,818,849,864,
798:700,728,773,798,819,872,879,
799:753,787,789,799,836,841,859,
800:761,787,788,789,800,856,857,
801:704,743,768,793,801,823,833,
802:723,744,790,802,811,812,824,
803:717,725,778,803,804,860,861,
804:712,725,791,803,804,852,861,
805:726,737,791,796,805,851,854,
806:774,792,797,806,821,831,849,
807:766,767,776,807,828,832,843,
808:770,785,794,808,817,846,847,
809:729,749,809,820,821,831,855,
810:760,761,787,810,841,842,866,
811:744,763,785,802,811,817,824,
812:790,802,812,813,824,862,863,
813:790,795,812,813,825,863,867,
814:814,823,837,844,845,858,877,
815:777,783,788,815,833,857,858,
816:755,769,794,816,838,846,874,
817:785,808,811,817,824,847,853,
818:746,772,797,818,829,864,871,
819:728,747,779,798,819,848,879,
820:729,739,809,820,830,855,868,
821:749,758,792,806,809,821,831,
822:732,751,786,822,869,873,916,
823:793,801,814,823,833,837,858,
824:802,811,812,817,824,853,862,
825:764,795,813,825,829,867,870,
826:702,718,780,826,835,887,902,
827:719,753,789,827,850,856,888,
828:767,782,807,828,843,844,845,
829:746,764,818,825,829,870,871,
830:739,757,820,830,834,868,889,
831:806,809,821,831,849,855,865,
832:731,752,766,807,832,843,850,
833:768,783,801,815,823,833,858,
834:757,765,830,834,840,889,912,
835:718,740,826,835,839,902,910,
836:753,759,799,836,840,859,898,
837:781,784,793,814,823,837,845,
838:769,778,816,838,860,874,911,
839:740,773,835,839,872,910,914,
840:759,765,834,836,840,898,912,
841:787,799,810,841,859,866,886,
842:760,786,810,842,866,873,880,
843:807,828,832,843,844,850,888,
844:814,828,843,844,845,877,888,
845:781,782,814,828,837,844,845,
846:794,808,816,846,847,874,878,
847:808,817,846,847,853,878,890,
848:779,796,819,848,854,879,896,
849:797,806,831,849,864,865,883,
850:719,752,827,832,843,850,888,
851:791,805,851,852,854,891,900,
852:791,804,851,852,861,891,899,
853:817,824,847,853,862,882,890,
854:796,805,848,851,854,896,900,
855:809,820,831,855,865,868,875,
856:789,800,827,856,857,877,888,
857:788,800,815,856,857,858,877,
858:814,815,823,833,857,858,877,
859:799,836,841,859,885,886,898,
860:778,803,838,860,861,904,911,
861:803,804,852,860,861,899,904,
862:812,824,853,862,863,882,906,
863:812,813,862,863,867,901,906,
864:797,818,849,864,871,883,892,
865:831,849,855,865,875,883,893,
866:810,841,842,866,880,886,894,
867:813,825,863,867,870,895,901,
868:820,830,855,868,875,884,889,
869:751,780,822,869,887,916,942,
870:825,829,867,870,871,895,908,
871:818,829,864,870,871,892,908,
872:773,798,839,872,879,914,921,
873:786,822,842,873,880,916,926,
874:816,838,846,874,878,911,917,
875:855,865,868,875,876,884,893,
876:875,876,884,893,897,915,924,
877:814,844,856,857,858,877,888,
878:846,847,874,878,890,905,917,
879:798,819,848,872,879,896,921,
880:842,866,873,880,894,925,926,
881:881,882,890,905,907,918,936,
882:853,862,881,882,890,906,907,
883:849,864,865,883,892,893,909,
884:868,875,876,884,889,915,922,
885:859,885,886,898,903,913,923,
886:841,859,866,885,886,894,903,
887:780,826,869,887,902,942,953,
888:827,843,844,850,856,877,888,
889:830,834,868,884,889,912,922,
890:847,853,878,881,882,890,905,
891:851,852,891,899,900,933,947,
892:864,871,883,892,908,909,928,
893:865,875,876,883,893,897,909,
894:866,880,886,894,903,925,931,
895:867,870,895,901,908,919,920,
896:848,854,879,896,900,921,938,
897:876,893,897,909,924,934,937,
898:836,840,859,885,898,912,923,
899:852,861,891,899,904,944,947,
900:851,854,891,896,900,933,938,
901:863,867,895,901,906,919,929,
902:826,835,887,902,910,949,953,
903:885,886,894,903,913,931,935,
904:860,861,899,904,911,927,944,
905:878,881,890,905,917,936,943,
906:862,863,882,901,906,907,929,
907:881,882,906,907,918,929,932,
908:870,871,892,895,908,920,928,
909:883,892,893,897,909,928,937,
910:835,839,902,910,914,949,958,
911:838,860,874,904,911,917,927,
912:834,840,889,898,912,922,923,
913:885,903,913,923,935,941,952,
914:839,872,910,914,921,956,958,
915:876,884,915,922,924,941,950,
916:822,869,873,916,926,942,959,
917:874,878,905,911,917,927,943,
918:881,907,918,932,936,948,964,
919:895,901,919,920,929,930,945,
920:895,908,919,920,928,930,939,
921:872,879,896,914,921,938,956,
922:884,889,912,915,922,923,941,
923:885,898,912,913,922,923,941,
924:876,897,915,924,934,946,950,
925:880,894,925,926,931,951,960,
926:873,880,916,925,926,959,960,
927:904,911,917,927,943,944,969,
928:892,908,909,920,928,937,939,
929:901,906,907,919,929,932,945,
930:919,920,930,939,945,955,961,
931:894,903,925,931,935,940,951,
932:907,918,929,932,945,948,954,
933:891,900,933,938,947,968,970,
934:897,924,934,937,946,957,962,
935:903,913,931,935,940,952,963,
936:881,905,918,936,943,964,965,
937:897,909,928,934,937,939,962,
938:896,900,921,933,938,956,968,
939:920,928,930,937,939,955,962,
940:931,935,940,951,963,977,986,
941:913,915,922,923,941,950,952,
942:869,887,916,942,953,959,978,
943:905,917,927,936,943,965,969,
944:899,904,927,944,947,966,969,
945:919,929,930,932,945,954,961,
946:924,934,946,950,957,973,974,
947:891,899,933,944,947,966,970,
948:918,932,948,954,964,967,979,
949:902,910,949,953,958,976,984,
950:915,924,941,946,950,952,974,
951:925,931,940,951,960,986,990,
952:913,935,941,950,952,963,974,
953:887,902,942,949,953,978,984,
954:932,945,948,954,961,967,980,
955:930,939,955,961,962,981,985,
956:914,921,938,956,958,968,975,
957:934,946,957,962,972,973,985,
958:910,914,949,956,958,975,976,
959:916,926,942,959,960,978,999,
960:925,926,951,959,960,990,999,
961:930,945,954,955,961,980,981,
962:934,937,939,955,957,962,985,
963:935,940,952,963,974,977,989,
964:918,936,948,964,965,979,992,
965:936,943,964,965,969,991,992,
966:944,947,966,969,970,991,993,
967:948,954,967,971,979,980,995,
968:933,938,956,968,970,975,988,
969:927,943,944,965,966,969,991,
970:933,947,966,968,970,988,993,
971:967,971,980,983,987,995,1008,
972:957,972,973,985,994,997,1004,
973:946,957,972,973,974,989,997,
974:946,950,952,963,973,974,989,
975:956,958,968,975,976,988,1000,
976:949,958,975,976,984,998,1000,
977:940,963,977,986,989,1002,1009,
978:942,953,959,978,984,999,1001,
979:948,964,967,979,992,995,1007,
980:954,961,967,971,980,981,987,
981:955,961,980,981,985,987,1004,
982:982,983,987,994,996,1004,1005,
983:971,982,983,987,996,1008,1012,
984:949,953,976,978,984,998,1001,
985:955,957,962,972,981,985,1004,
986:940,951,977,986,990,1009,1014,
987:971,980,981,982,983,987,1004,
988:968,970,975,988,993,1000,1003,
989:963,973,974,977,989,997,1002,
990:951,960,986,990,999,1014,1019,
991:965,966,969,991,992,993,1011,
992:964,965,979,991,992,1007,1011,
993:966,970,988,991,993,1003,1011,
994:972,982,994,997,1004,1005,1016,
995:967,971,979,995,1007,1008,1018,
996:982,983,996,1005,1012,1013,1016,
997:972,973,989,994,997,1002,1016,
998:976,984,998,1000,1001,1006,1010,
999:959,960,978,990,999,1001,1019,
1000:975,976,988,998,1000,1003,1006,
1001:978,984,998,999,1001,1010,1019,
1002:977,989,997,1002,1009,1013,1016,
1003:988,993,1000,1003,1006,1011,1015,
1004:972,981,982,985,987,994,1004,
1005:982,994,996,1005,1016,
1006:998,1000,1003,1006,1010,1015,1020,
1007:979,992,995,1007,1011,1015,1018,
1008:971,983,995,1008,1012,1018,1022,
1009:977,986,1002,1009,1013,1014,1017,
1010:998,1001,1006,1010,1019,1020,1021,
1011:991,992,993,1003,1007,1011,1015,
1012:983,996,1008,1012,1013,1017,1022,
1013:996,1002,1009,1012,1013,1016,1017,
1014:986,990,1009,1014,1017,1019,1021,
1015:1003,1006,1007,1011,1015,1018,1020,
1016:994,996,997,1002,1005,1013,1016,
1017:1009,1012,1013,1014,1017,1021,1022,
1018:995,1007,1008,1015,1018,1020,1022,
1019:990,999,1001,1010,1014,1019,1021,
1020:1006,1010,1015,1018,1020,1021,1022,
1021:1010,1014,1017,1019,1020,1021,1022,
1022:1008,1012,1017,1018,1020,1021,1022,
1023:22,49,57,66,98,109,1023,
1024:439,440,442,489,551,568,1024,
1025:540,569,612,637,673,686,1025,
1026:636,637,668,703,720,735,1026,
1027:1027,1029,1031,1032,1037,1039,1047,
1028:1028,1029,1030,1033,1037,1040,1049,
1029:1027,1028,1029,1033,1037,1043,1047,
1030:1028,1030,1034,1036,1037,1038,1049,
1031:1027,1031,1032,1046,1047,1048,1050,
1032:1027,1031,1032,1035,1039,1045,1048,
1033:1028,1029,1033,1040,1043,1052,1066,
1034:1030,1034,1036,1037,1039,1056,1067,
1035:1032,1035,1039,1044,1045,1055,1067,
1036:1030,1034,1036,1038,1056,1062,1093,
1037:1027,1028,1029,1030,1034,1037,1039,
1038:1030,1036,1038,1049,1062,1064,1074,
1039:1027,1032,1034,1035,1037,1039,1067,
1040:1028,1033,1040,1049,1059,1060,1066,
1041:1041,1044,1053,1055,1057,1077,1092,
1042:1042,1043,1047,1050,1051,1065,1070,
1043:1029,1033,1042,1043,1047,1052,1065,
1044:1035,1041,1044,1053,1055,1067,1072,
1045:1032,1035,1045,1048,1055,1061,1063,
1046:1031,1046,1048,1050,1054,1088,1094,
1047:1027,1029,1031,1042,1043,1047,1050,
1048:1031,1032,1045,1046,1048,1054,1063,
1049:1028,1030,1038,1040,1049,1059,1064,
1050:1031,1042,1046,1047,1050,1070,1088,
1051:1042,1051,1065,1070,1071,1075,1080,
1052:1033,1043,1052,1065,1066,1076,1081,
1053:1041,1044,1053,1072,1077,1078,1082,
1054:1046,1048,1054,1063,1087,1094,1095,
1055:1035,1041,1044,1045,1055,1057,1061,
1056:1034,1036,1056,1067,1072,1086,1093,
1057:1041,1055,1057,1061,1073,1092,1108,
1058:1058,1059,1064,1084,1100,1106,1126,
1059:1040,1049,1058,1059,1060,1064,1084,
1060:1040,1059,1060,1066,1084,1091,1115,
1061:1045,1055,1057,1061,1063,1068,1073,
1062:1036,1038,1062,1074,1093,1120,1142,
1063:1045,1048,1054,1061,1063,1068,1095,
1064:1038,1049,1058,1059,1064,1074,1100,
1065:1042,1043,1051,1052,1065,1076,1080,
1066:1033,1040,1052,1060,1066,1081,1091,
1067:1034,1035,1039,1044,1056,1067,1072,
1068:1061,1063,1068,1073,1095,1099,1109,
1069:1069,1079,1087,1094,1104,1110,1111,
1070:1042,1050,1051,1070,1071,1088,1112,
1071:1051,1070,1071,1075,1105,1112,1132,
1072:1044,1053,1056,1067,1072,1078,1086,
1073:1057,1061,1068,1073,1108,1109,1141,
1074:1038,1062,1064,1074,1100,1142,1163,
1075:1051,1071,1075,1080,1105,1113,1114,
1076:1052,1065,1076,1080,1081,1089,1090,
1077:1041,1053,1077,1082,1092,1129,1130,
1078:1053,1072,1078,1082,1086,1119,1123,
1079:1069,1079,1083,1087,1103,1110,1124,
1080:1051,1065,1075,1076,1080,1089,1114,
1081:1052,1066,1076,1081,1090,1091,1128,
1082:1053,1077,1078,1082,1102,1123,1129,
1083:1079,1083,1087,1095,1099,1103,1109,
1084:1058,1059,1060,1084,1106,1107,1115,
1085:1085,1096,1097,1101,1102,1121,1122,
1086:1056,1072,1078,1086,1093,1098,1119,
1087:1054,1069,1079,1083,1087,1094,1095,
1088:1046,1050,1070,1088,1094,1104,1112,
1089:1076,1080,1089,1090,1114,1157,1166,
1090:1076,1081,1089,1090,1128,1144,1166,
1091:1060,1066,1081,1091,1115,1127,1128,
1092:1041,1057,1077,1092,1108,1130,1139,
1093:1036,1056,1062,1086,1093,1098,1120,
1094:1046,1054,1069,1087,1088,1094,1104,
1095:1054,1063,1068,1083,1087,1095,1099,
1096:1085,1096,1097,1118,1121,1153,1168,
1097:1085,1096,1097,1102,1118,1123,1136,
1098:1086,1093,1098,1119,1120,1146,1162,
1099:1068,1083,1095,1099,1109,
1100:1058,1064,1074,1100,1126,1163,2044,
1101:1085,1101,1116,1121,1122,1133,1145,
1102:1082,1085,1097,1102,1122,1123,1129,
1103:1079,1083,1103,1109,1124,1141,1172,
1104:1069,1088,1094,1104,1111,1112,1125,
1105:1071,1075,1105,1113,1132,1143,1175,
1106:1058,1084,1106,1107,1126,1164,1165,
1107:1084,1106,1107,1115,1148,1165,1188,
1108:1057,1073,1092,1108,1139,1141,1185,
1109:1068,1073,1083,1099,1103,1109,1141,
1110:1069,1079,1110,1111,1124,1140,1155,
1111:1069,1104,1110,1111,1125,1155,1173,
1112:1070,1071,1088,1104,1112,1125,1132,
1113:1075,1105,1113,1114,1143,1158,1176,
1114:1075,1080,1089,1113,1114,1157,1158,
1115:1060,1084,1091,1107,1115,1127,1148,
1116:1101,1116,1117,1133,1137,1145,1177,
1117:1116,1117,1133,1137,1138,1149,1159,
1118:1096,1097,1118,1136,1153,1171,1179,
1119:1078,1086,1098,1119,1123,1136,1162,
1120:1062,1093,1098,1120,1142,1146,1147,
1121:1085,1096,1101,1121,1145,1168,1178,
1122:1085,1101,1102,1122,1129,1133,1152,
1123:1078,1082,1097,1102,1119,1123,1136,
1124:1079,1103,1110,1124,1140,1161,1172,
1125:1104,1111,1112,1125,1132,1156,1173,
1126:1058,1100,1106,1126,1164,1212,2044,
1127:1091,1115,1127,1128,1148,1167,1189,
1128:1081,1090,1091,1127,1128,1144,1167,
1129:1077,1082,1102,1122,1129,1130,1152,
1130:1077,1092,1129,1130,1139,1152,1195,
1131:1131,1134,1135,1140,1154,1160,1161,
1132:1071,1105,1112,1125,1132,1156,1175,
1133:1101,1116,1117,1122,1133,1149,1152,
1134:1131,1134,1135,1150,1151,1160,1184,
1135:1131,1134,1135,1150,1154,1169,1170,
1136:1097,1118,1119,1123,1136,1162,1171,
1137:1116,1117,1137,1159,1177,1208,1223,
1138:1117,1138,1149,1159,1181,1182,1201,
1139:1092,1108,1130,1139,1185,1195,1225,
1140:1110,1124,1131,1140,1154,1155,1161,
1141:1073,1103,1108,1109,1141,1172,1185,
1142:1062,1074,1120,1142,1147,1163,1210,
1143:1105,1113,1143,1175,1176,1198,1240,
1144:1090,1128,1144,1166,1167,1199,1230,
1145:1101,1116,1121,1145,1177,1178,1193,
1146:1098,1120,1146,1147,1162,1197,1226,
1147:1120,1142,1146,1147,1209,1210,1226,
1148:1107,1115,1127,1148,1188,1189,1235,
1149:1117,1133,1138,1149,1152,1182,1195,
1150:1134,1135,1150,1169,1183,1184,1216,
1151:1134,1151,1160,1184,1191,1194,1201,
1152:1122,1129,1130,1133,1149,1152,1195,
1153:1096,1118,1153,1168,1179,1224,1237,
1154:1131,1135,1140,1154,1155,1170,1196,
1155:1110,1111,1140,1154,1155,1173,1196,
1156:1125,1132,1156,1173,1174,1175,1187,
1157:1089,1114,1157,1158,1166,1229,1269,
1158:1113,1114,1157,1158,1176,1206,1229,
1159:1117,1137,1138,1159,1181,1200,1208,
1160:1131,1134,1151,1160,1161,1194,1202,
1161:1124,1131,1140,1160,1161,1172,1202,
1162:1098,1119,1136,1146,1162,1171,1197,
1163:1074,1100,1142,1163,1205,1210,2044,
1164:1106,1126,1164,1165,1212,1228,1241,
1165:1106,1107,1164,1165,1188,1228,1254,
1166:1089,1090,1144,1157,1166,1230,1269,
1167:1127,1128,1144,1167,1189,1199,1222,
1168:1096,1121,1153,1168,1178,1190,1224,
1169:1135,1150,1169,1170,1183,1192,1215,
1170:1135,1154,1169,1170,1196,1215,1218,
1171:1118,1136,1162,1171,1179,1186,1197,
1172:1103,1124,1141,1161,1172,1185,1202,
1173:1111,1125,1155,1156,1173,1187,1196,
1174:1156,1174,1175,1187,1198,1238,1243,
1175:1105,1132,1143,1156,1174,1175,1198,
1176:1113,1143,1158,1176,1206,1240,1246,
1177:1116,1137,1145,1177,1193,1223,1247,
1178:1121,1145,1168,1178,1190,1193,1231,
1179:1118,1153,1171,1179,1186,1237,1242,
1180:1180,1186,1197,1203,1204,1219,1226,
1181:1138,1159,1181,1191,1200,1201,1232,
1182:1138,1149,1182,1194,1195,1201,1225,
1183:1150,1169,1183,1192,1207,1216,1251,
1184:1134,1150,1151,1184,1191,1213,1216,
1185:1108,1139,1141,1172,1185,1202,1225,
1186:1171,1179,1180,1186,1197,1219,1242,
1187:1156,1173,1174,1187,1196,1218,1243,
1188:1107,1148,1165,1188,1235,1254,1283,
1189:1127,1148,1167,1189,1222,1235,1270,
1190:1168,1178,1190,1224,1231,1256,1278,
1191:1151,1181,1184,1191,1201,1213,1232,
1192:1169,1183,1192,1207,1214,1215,1217,
1193:1145,1177,1178,1193,1231,1247,1262,
1194:1151,1160,1182,1194,1201,1202,1225,
1195:1130,1139,1149,1152,1182,1195,1225,
1196:1154,1155,1170,1173,1187,1196,1218,
1197:1146,1162,1171,1180,1186,1197,1226,
1198:1143,1174,1175,1198,1221,1238,1240,
1199:1144,1167,1199,1222,1230,1271,1315,
1200:1159,1181,1200,1208,1232,1236,1255,
1201:1138,1151,1181,1182,1191,1194,1201,
1202:1160,1161,1172,1185,1194,1202,1225,
1203:1180,1203,1204,1219,1220,1258,1265,
1204:1180,1203,1204,1209,1220,1226,1252,
1205:1163,1205,1210,1227,1239,1260,2044,
1206:1158,1176,1206,1229,1246,1282,1313,
1207:1183,1192,1207,1214,1250,1251,1285,
1208:1137,1159,1200,1208,1223,1248,1255,
1209:1147,1204,1209,1210,1226,1239,1252,
1210:1142,1147,1163,1205,1209,1210,1239,
1211:1211,1221,1240,1245,1246,1276,1293,
1212:1126,1164,1212,1227,1241,1268,2044,
1213:1184,1191,1213,1216,1232,1272,1279,
1214:1192,1207,1214,1217,1250,1257,1273,
1215:1169,1170,1192,1215,1217,1218,1233,
1216:1150,1183,1184,1213,1216,1251,1272,
1217:1192,1214,1215,1217,1233,1234,1257,
1218:1170,1187,1196,1215,1218,1233,1243,
1219:1180,1186,1203,1219,1242,1265,1298,
1220:1203,1204,1220,1252,1253,1258,1267,
1221:1198,1211,1221,1238,1240,1244,1245,
1222:1167,1189,1199,1222,1270,1271,1314,
1223:1137,1177,1208,1223,1247,1248,1263,
1224:1153,1168,1190,1224,1237,1256,1280,
1225:1139,1182,1185,1194,1195,1202,1225,
1226:1146,1147,1180,1197,1204,1209,1226,
1227:1205,1212,1227,1260,1268,1312,2044,
1228:1164,1165,1228,1241,1254,1323,1343,
1229:1157,1158,1206,1229,1261,1269,1282,
1230:1144,1166,1199,1230,1269,1315,1324,
1231:1178,1190,1193,1231,1262,1278,1307,
1232:1181,1191,1200,1213,1232,1236,1279,
1233:1215,1217,1218,1233,1234,1243,1259,
1234:1217,1233,1234,1257,1259,1266,1274,
1235:1148,1188,1189,1235,1270,1283,1344,
1236:1200,1232,1236,1255,1279,1318,1327,
1237:1153,1179,1224,1237,1242,1280,1296,
1238:1174,1198,1221,1238,1243,1244,1259,
1239:1205,1209,1210,1239,1252,1260,1275,
1240:1143,1176,1198,1211,1221,1240,1246,
1241:1164,1212,1228,1241,1268,1323,1342,
1242:1179,1186,1219,1237,1242,1296,1298,
1243:1174,1187,1218,1233,1238,1243,1259,
1244:1221,1238,1244,1245,1259,1274,1291,
1245:1211,1221,1244,1245,1291,1293,1333,
1246:1176,1206,1211,1240,1246,1276,1313,
1247:1177,1193,1223,1247,1262,1263,1277,
1248:1208,1223,1248,1255,1263,1306,1308,
1249:1249,1264,1284,1295,1307,1335,1358,
1250:1207,1214,1250,1273,1285,1309,1328,
1251:1183,1207,1216,1251,1272,1285,1286,
1252:1204,1209,1220,1239,1252,1267,1275,
1253:1220,1253,1258,1267,1281,1290,1292,
1254:1165,1188,1228,1254,1283,1343,1352,
1255:1200,1208,1236,1248,1255,1308,1327,
1256:1190,1224,1256,1278,1280,1337,1346,
1257:1214,1217,1234,1257,1266,1273,1288,
1258:1203,1220,1253,1258,1265,1281,1299,
1259:1233,1234,1238,1243,1244,1259,1274,
1260:1205,1227,1239,1260,1275,1312,1321,
1261:1229,1261,1269,1282,1305,1324,1354,
1262:1193,1231,1247,1262,1277,1284,1307,
1263:1223,1247,1248,1263,1277,1306,1325,
1264:1249,1264,1284,1316,1317,1334,1335,
1265:1203,1219,1258,1265,1298,1299,1339,
1266:1234,1257,1266,1274,1288,1300,1303,
1267:1220,1252,1253,1267,1275,1292,1294,
1268:1212,1227,1241,1268,1312,1342,1353,
1269:1157,1166,1229,1230,1261,1269,1324,
1270:1189,1222,1235,1270,1314,1344,1384,
1271:1199,1222,1271,1314,1315,1366,1372,
1272:1213,1216,1251,1272,1279,1286,1310,
1273:1214,1250,1257,1273,1287,1288,1309,
1274:1234,1244,1259,1266,1274,1291,1303,
1275:1239,1252,1260,1267,1275,1294,1321,
1276:1211,1246,1276,1293,1313,1322,1382,
1277:1247,1262,1263,1277,1284,1325,1334,
1278:1190,1231,1256,1278,1295,1307,1346,
1279:1213,1232,1236,1272,1279,1310,1318,
1280:1224,1237,1256,1280,1296,1331,1337,
1281:1253,1258,1281,1290,1299,1370,1393,
1282:1206,1229,1261,1282,1313,1354,1412,
1283:1188,1235,1254,1283,1344,1352,1383,
1284:1249,1262,1264,1277,1284,1307,1334,
1285:1207,1250,1251,1285,1286,1328,1330,
1286:1251,1272,1285,1286,1310,1330,1361,
1287:1273,1287,1288,1297,1309,1329,1359,
1288:1257,1266,1273,1287,1288,1297,1300,
1289:1289,1297,1301,1319,1329,1347,1360,
1290:1253,1281,1290,1292,1320,1332,1370,
1291:1244,1245,1274,1291,1303,1333,1350,
1292:1253,1267,1290,1292,1294,1320,1341,
1293:1211,1245,1276,1293,1322,1333,1371,
1294:1267,1275,1292,1294,1321,1341,1351,
1295:1249,1278,1295,1307,1346,1358,1377,
1296:1237,1242,1280,1296,1298,1331,1338,
1297:1287,1288,1289,1297,1300,1319,1329,
1298:1219,1242,1265,1296,1298,1338,1339,
1299:1258,1265,1281,1299,1339,1392,1393,
1300:1266,1288,1297,1300,1303,1319,1349,
1301:1289,1301,1302,1311,1319,1340,1347,
1302:1301,1302,1311,1347,1348,1363,1369,
1303:1266,1274,1291,1300,1303,1349,1350,
1304:1304,1305,1315,1324,1366,1416,1417,
1305:1261,1304,1305,1324,1354,1416,1449,
1306:1248,1263,1306,1308,1325,1355,1374,
1307:1231,1249,1262,1278,1284,1295,1307,
1308:1248,1255,1306,1308,1327,1368,1374,
1309:1250,1273,1287,1309,1328,1359,1390,
1310:1272,1279,1286,1310,1318,1361,1378,
1311:1301,1302,1311,1340,1363,1381,1397,
1312:1227,1260,1268,1312,1321,1353,1365,
1313:1206,1246,1276,1282,1313,1382,1412,
1314:1222,1270,1271,1314,1372,1384,1415,
1315:1199,1230,1271,1304,1315,1324,1366,
1316:1264,1316,1317,1335,1367,1418,1419,
1317:1264,1316,1317,1334,1357,1367,1373,
1318:1236,1279,1310,1318,1327,1336,1378,
1319:1289,1297,1300,1301,1319,1340,1349,
1320:1290,1292,1320,1332,1341,1396,1406,
1321:1260,1275,1294,1312,1321,1351,1365,
1322:1276,1293,1322,1371,1382,1409,1411,
1323:1228,1241,1323,1342,1343,1413,1426,
1324:1230,1261,1269,1304,1305,1315,1324,
1325:1263,1277,1306,1325,1334,1355,1373,
1326:1326,1336,1345,1356,1368,1375,1385,
1327:1236,1255,1308,1318,1327,1336,1368,
1328:1250,1285,1309,1328,1330,1390,1429,
1329:1287,1289,1297,1329,1359,1360,1387,
1330:1285,1286,1328,1330,1361,1429,1440,
1331:1280,1296,1331,1337,1338,1420,1421,
1332:1290,1320,1332,1370,1396,1422,1460,
1333:1245,1291,1293,1333,1350,1371,1408,
1334:1264,1277,1284,1317,1325,1334,1373,
1335:1249,1264,1316,1335,1358,1419,1433,
1336:1318,1326,1327,1336,1345,1368,1378,
1337:1256,1280,1331,1337,1346,1401,1420,
1338:1296,1298,1331,1338,1339,1403,1421,
1339:1265,1298,1299,1338,1339,1392,1403,
1340:1301,1311,1319,1340,1349,1364,1381,
1341:1292,1294,1320,1341,1351,1406,1407,
1342:1241,1268,1323,1342,1353,1425,1426,
1343:1228,1254,1323,1343,1352,1413,1414,
1344:1235,1270,1283,1344,1383,1384,1451,
1345:1326,1336,1345,1378,1385,1402,1437,
1346:1256,1278,1295,1337,1346,1377,1401,
1347:1289,1301,1302,1347,1360,1369,1379,
1348:1302,1348,1362,1363,1369,1380,1404,
1349:1300,1303,1319,1340,1349,1350,1364,
1350:1291,1303,1333,1349,1350,1364,1408,
1351:1294,1321,1341,1351,1365,1398,1407,
1352:1254,1283,1343,1352,1383,1414,1462,
1353:1268,1312,1342,1353,1365,1410,1425,
1354:1261,1282,1305,1354,1412,1449,1484,
1355:1306,1325,1355,1373,1374,1388,1399,
1356:1326,1356,1368,1374,1375,1389,1399,
1357:1317,1357,1367,1373,1376,1386,1388,
1358:1249,1295,1335,1358,1377,1433,1435,
1359:1287,1309,1329,1359,1387,1390,1456,
1360:1289,1329,1347,1360,1379,1387,1439,
1361:1286,1310,1330,1361,1378,1402,1440,
1362:1348,1362,1380,1394,1404,1405,1441,
1363:1302,1311,1348,1363,1397,1404,1444,
1364:1340,1349,1350,1364,1381,1408,1431,
1365:1312,1321,1351,1353,1365,1398,1410,
1366:1271,1304,1315,1366,1372,1417,1450,
1367:1316,1317,1357,1367,1386,1418,1432,
1368:1308,1326,1327,1336,1356,1368,1374,
1369:1302,1347,1348,1369,1379,1380,1430,
1370:1281,1290,1332,1370,1393,1460,1472,
1371:1293,1322,1333,1371,1408,1409,1424,
1372:1271,1314,1366,1372,1415,1427,1450,
1373:1317,1325,1334,1355,1357,1373,1388,
1374:1306,1308,1355,1356,1368,1374,1399,
1375:1326,1356,1375,1385,1389,1391,1436,
1376:1357,1376,1386,1388,1400,1434,1455,
1377:1295,1346,1358,1377,1401,1435,1478,
1378:1310,1318,1336,1345,1361,1378,1402,
1379:1347,1360,1369,1379,1430,1439,1458,
1380:1348,1362,1369,1380,1430,1441,1442,
1381:1311,1340,1364,1381,1397,1423,1431,
1382:1276,1313,1322,1382,1411,1412,1467,
1383:1283,1344,1352,1383,1451,1462,1477,
1384:1270,1314,1344,1384,1415,1451,1493,
1385:1326,1345,1375,1385,1436,1437,1496,
1386:1357,1367,1376,1386,1432,1434,1452,
1387:1329,1359,1360,1387,1439,1456,1480,
1388:1355,1357,1373,1376,1388,1399,1400,
1389:1356,1375,1389,1391,1399,1400,1438,
1390:1309,1328,1359,1390,1429,1456,1457,
1391:1375,1389,1391,1436,1438,1468,1469,
1392:1299,1339,1392,1393,1403,1471,1500,
1393:1281,1299,1370,1392,1393,1471,1472,
1394:1362,1394,1405,1441,1463,
1395:1395,1405,1443,1445,1461,1463,1487,
1396:1320,1332,1396,1406,1422,1473,1488,
1397:1311,1363,1381,1397,1423,1444,1464,
1398:1351,1365,1398,1407,1410,1447,1448,
1399:1355,1356,1374,1388,1389,1399,1400,
1400:1376,1388,1389,1399,1400,1438,1455,
1401:1337,1346,1377,1401,1420,1478,1479,
1402:1345,1361,1378,1402,1437,1440,1470,
1403:1338,1339,1392,1403,1421,1500,1527,
1404:1348,1362,1363,1404,1405,1444,1445,
1405:1362,1394,1395,1404,1405,1445,1463,
1406:1320,1341,1396,1406,1407,1473,1474,
1407:1341,1351,1398,1406,1407,1447,1474,
1408:1333,1350,1364,1371,1408,1424,1431,
1409:1322,1371,1409,1411,1424,1490,1491,
1410:1353,1365,1398,1410,1425,1448,1465,
1411:1322,1382,1409,1411,1467,1491,1537,
1412:1282,1313,1354,1382,1412,1467,1484,
1413:1323,1343,1413,1414,1426,1476,1510,
1414:1343,1352,1413,1414,1462,1492,1510,
1415:1314,1372,1384,1415,1427,1493,1512,
1416:1304,1305,1416,1417,1449,1550,1586,
1417:1304,1366,1416,1417,1450,1550,1551,
1418:1316,1367,1418,1419,1432,1494,1513,
1419:1316,1335,1418,1419,1433,1513,1529,
1420:1331,1337,1401,1420,1421,1479,1518,
1421:1331,1338,1403,1420,1421,1518,1527,
1422:1332,1396,1422,1460,1488,1503,1533,
1423:1381,1397,1423,1431,1464,1475,1521,
1424:1371,1408,1409,1424,1431,1475,1490,
1425:1342,1353,1410,1425,1426,1465,2046,
1426:1323,1342,1413,1425,1426,1476,2046,
1427:1372,1415,1427,1450,1512,1522,1560,
1428:1428,1438,1454,1455,1468,1530,1561,
1429:1328,1330,1390,1429,1440,1457,1499,
1430:1369,1379,1380,1430,1442,1458,1459,
1431:1364,1381,1408,1423,1424,1431,1475,
1432:1367,1386,1418,1432,1452,1494,1495,
1433:1335,1358,1419,1433,1435,1529,1539,
1434:1376,1386,1434,1452,1453,1454,1455,
1435:1358,1377,1433,1435,1478,1539,1552,
1436:1375,1385,1391,1436,1469,1485,1496,
1437:1345,1385,1402,1437,1470,1496,1497,
1438:1389,1391,1400,1428,1438,1455,1468,
1439:1360,1379,1387,1439,1458,1480,1501,
1440:1330,1361,1402,1429,1440,1470,1499,
1441:1362,1380,1394,1441,1442,1463,1481,
1442:1380,1430,1441,1442,1459,1481,1489,
1443:1395,1443,1446,1461,1487,1504,1545,
1444:1363,1397,1404,1444,1445,1464,1506,
1445:1395,1404,1405,1444,1445,1461,1506,
1446:1443,1446,1461,1482,1504,1505,1508,
1447:1398,1407,1447,1448,1474,1520,1535,
1448:1398,1410,1447,1448,1465,1520,1536,
1449:1305,1354,1416,1449,1484,1584,1586,
1450:1366,1372,1417,1427,1450,1551,1560,
1451:1344,1383,1384,1451,1477,1493,1538,
1452:1386,1432,1434,1452,1453,1495,1523,
1453:1434,1452,1453,1454,1514,1515,1523,
1454:1428,1434,1453,1454,1455,1514,1561,
1455:1376,1400,1428,1434,1438,1454,1455,
1456:1359,1387,1390,1456,1457,1480,1486,
1457:1390,1429,1456,1457,1486,1499,1532,
1458:1379,1430,1439,1458,1459,1501,1502,
1459:1430,1442,1458,1459,1489,1502,1528,
1460:1332,1370,1422,1460,1472,1533,1544,
1461:1395,1443,1445,1446,1461,1506,1508,
1462:1352,1383,1414,1462,1477,1492,1511,
1463:1394,1395,1405,1441,1463,1481,1487,
1464:1397,1423,1444,1464,1506,1521,1547,
1465:1410,1425,1448,1465,1509,1536,2046,
1466:1466,1476,1483,1510,1585,1603,2045,
1467:1382,1411,1412,1467,1484,1537,1583,
1468:1391,1428,1438,1468,1469,1525,1530,
1469:1391,1436,1468,1469,1485,1517,1525,
1470:1402,1437,1440,1470,1497,1498,1499,
1471:1392,1393,1471,1472,1500,1554,1590,
1472:1370,1393,1460,1471,1472,1544,1554,
1473:1396,1406,1473,1474,1488,1555,1564,
1474:1406,1407,1447,1473,1474,1535,1555,
1475:1423,1424,1431,1475,1490,1521,1548,
1476:1413,1426,1466,1476,1510,2045,2046,
1477:1383,1451,1462,1477,1511,1538,1559,
1478:1377,1401,1435,1478,1479,1552,1563,
1479:1401,1420,1478,1479,1518,1563,1571,
1480:1387,1439,1456,1480,1486,1501,1575,
1481:1441,1442,1463,1481,1487,1489,1534,
1482:1446,1482,1504,1505,1507,1565,1577,
1483:1466,1483,1558,1585,1595,1608,2045,
1484:1354,1412,1449,1467,1484,1583,1584,
1485:1436,1469,1485,1496,1516,1517,1519,
1486:1456,1457,1480,1486,1532,1573,1575,
1487:1395,1443,1463,1481,1487,1534,1545,
1488:1396,1422,1473,1488,1503,1564,1591,
1489:1442,1459,1481,1489,1528,1534,1546,
1490:1409,1424,1475,1490,1491,1548,1582,
1491:1409,1411,1490,1491,1537,1582,1594,
1492:1414,1462,1492,1510,1511,1596,1603,
1493:1384,1415,1451,1493,1512,1538,1604,
1494:1418,1432,1494,1495,1513,1568,1599,
1495:1432,1452,1494,1495,1523,1569,1599,
1496:1385,1436,1437,1485,1496,1497,1516,
1497:1437,1470,1496,1497,1498,1516,1541,
1498:1470,1497,1498,1499,1532,1541,1553,
1499:1429,1440,1457,1470,1498,1499,1532,
1500:1392,1403,1471,1500,1527,1589,1590,
1501:1439,1458,1480,1501,1502,1575,1576,
1502:1458,1459,1501,1502,1528,1576,1578,
1503:1422,1488,1503,1533,1591,
1504:1443,1446,1482,1504,1545,1577,1579,
1505:1446,1482,1505,1507,1508,1566,1580,
1506:1444,1445,1461,1464,1506,1508,1547,
1507:1482,1505,1507,1556,1565,1566,1567,
1508:1446,1461,1505,1506,1508,1547,1580,
1509:1465,1509,1536,1549,1558,2045,2046,
1510:1413,1414,1466,1476,1492,1510,1603,
1511:1462,1477,1492,1511,1559,1596,1609,
1512:1415,1427,1493,1512,1522,1604,1620,
1513:1418,1419,1494,1513,1529,1568,1610,
1514:1453,1454,1514,1515,1524,1531,1561,
1515:1453,1514,1515,1523,1524,
1516:1485,1496,1497,1516,1519,1541,1543,
1517:1469,1485,1517,1519,1525,1540,1542,
1518:1420,1421,1479,1518,1526,1527,1571,
1519:1485,1516,1517,1519,1542,1543,1601,
1520:1447,1448,1520,1535,1536,1581,1607,
1521:1423,1464,1475,1521,1547,1548,1593,
1522:1427,1512,1522,1560,1597,1620,1654,
1523:1452,1453,1495,1515,1523,1524,1569,
1524:1514,1515,1523,1524,1531,1569,1587,
1525:1468,1469,1517,1525,1530,1540,1588,
1526:1518,1526,1527,1571,1589,1612,1624,
1527:1403,1421,1500,1518,1526,1527,1589,
1528:1459,1489,1502,1528,1546,1578,1602,
1529:1419,1433,1513,1529,1539,1610,1621,
1530:1428,1468,1525,1530,1561,1570,1588,
1531:1514,1524,1531,1561,1570,1587,1613,
1532:1457,1486,1498,1499,1532,1553,1573,
1533:1422,1460,1503,1533,1544,1591,1615,
1534:1481,1487,1489,1534,1545,1546,1592,
1535:1447,1474,1520,1535,1555,1607,1638,
1536:1448,1465,1509,1520,1536,1549,1581,
1537:1411,1467,1491,1537,1583,1594,1618,
1538:1451,1477,1493,1538,1559,1604,1619,
1539:1433,1435,1529,1539,1552,1621,1645,
1540:1517,1525,1540,1542,1588,1605,1606,
1541:1497,1498,1516,1541,1543,1553,1572,
1542:1517,1519,1540,1542,1600,1601,1605,
1543:1516,1519,1541,1543,1572,1601,1614,
1544:1460,1472,1533,1544,1554,1615,1625,
1545:1443,1487,1504,1534,1545,1579,1592,
1546:1489,1528,1534,1546,1592,1602,1626,
1547:1464,1506,1508,1521,1547,1580,1593,
1548:1475,1490,1521,1548,1582,1593,1628,
1549:1509,1536,1549,1558,1581,1617,1651,
1550:1416,1417,1550,1551,1586,1643,1653,
1551:1417,1450,1550,1551,1560,1643,1655,
1552:1435,1478,1539,1552,1563,1645,1656,
1553:1498,1532,1541,1553,1572,1573,1631,
1554:1471,1472,1544,1554,1590,1625,1634,
1555:1473,1474,1535,1555,1564,1638,1659,
1556:1507,1556,1557,1565,1567,1637,1639,
1557:1556,1557,1567,1627,1629,1639,1669,
1558:1483,1509,1549,1558,1608,1617,2045,
1559:1477,1511,1538,1559,1609,1619,1644,
1560:1427,1450,1522,1551,1560,1654,1655,
1561:1428,1454,1514,1530,1531,1561,1570,
1562:1562,1569,1587,1598,1599,1611,1622,
1563:1478,1479,1552,1563,1571,1656,1657,
1564:1473,1488,1555,1564,1591,1659,1668,
1565:1482,1507,1556,1565,1577,1637,1658,
1566:1505,1507,1566,1567,1580,1640,1641,
1567:1507,1556,1557,1566,1567,1627,1641,
1568:1494,1513,1568,1598,1599,1610,1664,
1569:1495,1523,1524,1562,1569,1587,1599,
1570:1530,1531,1561,1570,1588,1613,1632,
1571:1479,1518,1526,1563,1571,1612,1657,
1572:1541,1543,1553,1572,1614,1631,1635,
1573:1486,1532,1553,1573,1574,1575,1631,
1574:1573,1574,1575,1576,1631,1636,1666,
1575:1480,1486,1501,1573,1574,1575,1576,
1576:1501,1502,1574,1575,1576,1578,1636,
1577:1482,1504,1565,1577,1579,1658,1661,
1578:1502,1528,1576,1578,1602,1616,1636,
1579:1504,1545,1577,1579,1592,1660,1661,
1580:1505,1508,1547,1566,1580,1593,1640,
1581:1520,1536,1549,1581,1607,1651,1679,
1582:1490,1491,1548,1582,1594,1628,1652,
1583:1467,1484,1537,1583,1584,1618,1670,
1584:1449,1484,1583,1584,1586,1670,1671,
1585:1466,1483,1585,1595,1603,1630,2047,
1586:1416,1449,1550,1584,1586,1653,1671,
1587:1524,1531,1562,1569,1587,1611,1613,
1588:1525,1530,1540,1570,1588,1606,1632,
1589:1500,1526,1527,1589,1590,1624,1633,
1590:1471,1500,1554,1589,1590,1633,1634,
1591:1488,1503,1533,1564,1591,1615,1668,
1592:1534,1545,1546,1579,1592,1626,1660,
1593:1521,1547,1548,1580,1593,1628,1640,
1594:1491,1537,1582,1594,1618,1652,1675,
1595:1483,1585,1595,1608,1630,1662,1681,
1596:1492,1511,1596,1603,1609,1663,2047,
1597:1522,1597,1620,1654,1684,1699,1727,
1598:1562,1568,1598,1599,1622,1664,1672,
1599:1494,1495,1562,1568,1569,1598,1599,
1600:1542,1600,1601,1605,1623,1648,1649,
1601:1519,1542,1543,1600,1601,1614,1649,
1602:1528,1546,1578,1602,1616,1626,1650,
1603:1466,1492,1510,1585,1596,1603,2047,
1604:1493,1512,1538,1604,1619,1620,1683,
1605:1540,1542,1600,1605,1606,1623,1647,
1606:1540,1588,1605,1606,1632,1647,1677,
1607:1520,1535,1581,1607,1638,1679,1707,
1608:1483,1558,1595,1608,1617,1681,1693,
1609:1511,1559,1596,1609,1644,1663,1676,
1610:1513,1529,1568,1610,1621,1664,1686,
1611:1562,1587,1611,1613,1622,1646,1687,
1612:1526,1571,1612,1624,1657,1688,1722,
1613:1531,1570,1587,1611,1613,1632,1646,
1614:1543,1572,1601,1614,1635,1649,1667,
1615:1533,1544,1591,1615,1625,1668,1690,
1616:1578,1602,1616,1636,1650,1674,1691,
1617:1549,1558,1608,1617,1651,1693,1724,
1618:1537,1583,1594,1618,1670,1675,1694,
1619:1538,1559,1604,1619,1644,1683,1713,
1620:1512,1522,1597,1604,1620,1683,1699,
1621:1529,1539,1610,1621,1645,1686,1701,
1622:1562,1598,1611,1622,1672,1687,1704,
1623:1600,1605,1623,1647,1648,1665,1703,
1624:1526,1589,1612,1624,1633,1688,1689,
1625:1544,1554,1615,1625,1634,1690,1696,
1626:1546,1592,1602,1626,1650,1660,1678,
1627:1557,1567,1627,1629,1641,1698,1731,
1628:1548,1582,1593,1628,1640,1652,1680,
1629:1557,1627,1629,1669,1725,1731,2049,
1630:1585,1595,1630,1642,1662,1682,2047,
1631:1553,1572,1573,1574,1631,1635,1666,
1632:1570,1588,1606,1613,1632,1646,1677,
1633:1589,1590,1624,1633,1634,1689,1705,
1634:1554,1590,1625,1633,1634,1696,1705,
1635:1572,1614,1631,1635,1666,1667,1673,
1636:1574,1576,1578,1616,1636,1666,1674,
1637:1556,1565,1637,1639,1658,1706,1717,
1638:1535,1555,1607,1638,1659,1707,1723,
1639:1556,1557,1637,1639,1669,1706,1718,
1640:1566,1580,1593,1628,1640,1641,1680,
1641:1566,1567,1627,1640,1641,1680,1698,
1642:1630,1642,1663,1682,1712,2047,2048,
1643:1550,1551,1643,1653,1655,1700,1711,
1644:1559,1609,1619,1644,1676,1713,1726,
1645:1539,1552,1621,1645,1656,1701,1728,
1646:1611,1613,1632,1646,1677,1685,1687,
1647:1605,1606,1623,1647,1677,1702,1703,
1648:1600,1623,1648,1649,1665,1695,1715,
1649:1600,1601,1614,1648,1649,1667,1695,
1650:1602,1616,1626,1650,1678,1691,1708,
1651:1549,1581,1617,1651,1679,1724,1749,
1652:1582,1594,1628,1652,1675,1680,1709,
1653:1550,1586,1643,1653,1671,1711,1741,
1654:1522,1560,1597,1654,1655,1727,1737,
1655:1551,1560,1643,1654,1655,1700,1737,
1656:1552,1563,1645,1656,1657,1728,1743,
1657:1563,1571,1612,1656,1657,1722,1743,
1658:1565,1577,1637,1658,1661,1717,1719,
1659:1555,1564,1638,1659,1668,1723,1734,
1660:1579,1592,1626,1660,1661,1678,1692,
1661:1577,1579,1658,1660,1661,1692,1719,
1662:1595,1630,1662,1681,1682,1720,1740,
1663:1596,1609,1642,1663,1676,2047,2048,
1664:1568,1598,1610,1664,1672,1686,1721,
1665:1623,1648,1665,1703,1714,1715,1745,
1666:1574,1631,1635,1636,1666,1673,1674,
1667:1614,1635,1649,1667,1673,1695,1729,
1668:1564,1591,1615,1659,1668,1690,1734,
1669:1557,1629,1639,1669,1718,1739,2049,
1670:1583,1584,1618,1670,1671,1694,1736,
1671:1584,1586,1653,1670,1671,1736,1741,
1672:1598,1622,1664,1672,1704,1721,1744,
1673:1635,1666,1667,1673,1674,1697,1729,
1674:1616,1636,1666,1673,1674,1691,1697,
1675:1594,1618,1652,1675,1694,1709,1732,
1676:1609,1644,1663,1676,1726,1742,2048,
1677:1606,1632,1646,1647,1677,1685,1702,
1678:1626,1650,1660,1678,1692,1708,1735,
1679:1581,1607,1651,1679,1707,1749,1790,
1680:1628,1640,1641,1652,1680,1698,1709,
1681:1595,1608,1662,1681,1693,1740,2051,
1682:1630,1642,1662,1682,1712,1720,1733,
1683:1604,1619,1620,1683,1699,1713,1771,
1684:1597,1684,1699,1727,1772,
1685:1646,1677,1685,1687,1702,1753,1779,
1686:1610,1621,1664,1686,1701,1721,1738,
1687:1611,1622,1646,1685,1687,1704,1753,
1688:1612,1624,1688,1689,1722,1754,1774,
1689:1624,1633,1688,1689,1705,1764,1774,
1690:1615,1625,1668,1690,1696,1734,1756,
1691:1616,1650,1674,1691,1697,1708,1730,
1692:1660,1661,1678,1692,1719,1735,1750,
1693:1608,1617,1681,1693,1724,1804,2051,
1694:1618,1670,1675,1694,1732,1736,1759,
1695:1648,1649,1667,1695,1715,1729,1755,
1696:1625,1634,1690,1696,1705,1756,1775,
1697:1673,1674,1691,1697,1729,1730,1765,
1698:1627,1641,1680,1698,1709,1731,1776,
1699:1597,1620,1683,1684,1699,1771,1772,
1700:1643,1655,1700,1711,1737,1770,1786,
1701:1621,1645,1686,1701,1728,1738,1773,
1702:1647,1677,1685,1702,1703,1752,1779,
1703:1623,1647,1665,1702,1703,1745,1752,
1704:1622,1672,1687,1704,1744,1753,1762,
1705:1633,1634,1689,1696,1705,1764,1775,
1706:1637,1639,1706,1717,1718,1781,1793,
1707:1607,1638,1679,1707,1723,1790,1803,
1708:1650,1678,1691,1708,1730,1735,1757,
1709:1652,1675,1680,1698,1709,1732,1776,
1710:1710,1725,1758,1767,1796,1828,2049,
1711:1643,1653,1700,1711,1741,1770,1777,
1712:1642,1682,1712,1733,1751,1760,2048,
1713:1619,1644,1683,1713,1726,1771,1785,
1714:1665,1714,1715,1716,1745,1763,1780,
1715:1648,1665,1695,1714,1715,1716,1755,
1716:1714,1715,1716,1746,1755,1763,1766,
1717:1637,1658,1706,1717,1719,1781,1782,
1718:1639,1669,1706,1718,1739,1793,1816,
1719:1658,1661,1692,1717,1719,1750,1782,
1720:1662,1682,1720,1733,1740,1768,1805,
1721:1664,1672,1686,1721,1738,1744,1788,
1722:1612,1657,1688,1722,1743,1754,1806,
1723:1638,1659,1707,1723,1734,1803,1814,
1724:1617,1651,1693,1724,1749,1804,1817,
1725:1629,1710,1725,1731,1827,1828,2049,
1726:1644,1676,1713,1726,1742,1785,1798,
1727:1597,1654,1684,1727,1737,1772,1778,
1728:1645,1656,1701,1728,1743,1773,1787,
1729:1667,1673,1695,1697,1729,1755,1765,
1730:1691,1697,1708,1730,1757,1765,1789,
1731:1627,1629,1698,1725,1731,1776,1827,
1732:1675,1694,1709,1732,1759,1776,1792,
1733:1682,1712,1720,1733,1760,1768,1769,
1734:1659,1668,1690,1723,1734,1756,1814,
1735:1678,1692,1708,1735,1750,1757,1807,
1736:1670,1671,1694,1736,1741,1759,1784,
1737:1654,1655,1700,1727,1737,1778,1786,
1738:1686,1701,1721,1738,1773,1788,1800,
1739:1669,1718,1739,1758,1816,1846,2049,
1740:1662,1681,1720,1740,1805,1842,2051,
1741:1653,1671,1711,1736,1741,1777,1784,
1742:1676,1726,1742,1751,1798,1799,2048,
1743:1656,1657,1722,1728,1743,1787,1806,
1744:1672,1704,1721,1744,1762,1788,1802,
1745:1665,1703,1714,1745,1752,1780,1801,
1746:1716,1746,1747,1763,1766,1813,1825,
1747:1746,1747,1748,1766,1789,1813,1826,
1748:1747,1748,1757,1789,1807,1815,1826,
1749:1651,1679,1724,1749,1790,1817,1855,
1750:1692,1719,1735,1750,1782,1794,1807,
1751:1712,1742,1751,1760,1797,1799,2048,
1752:1702,1703,1745,1752,1779,1801,1810,
1753:1685,1687,1704,1753,1762,1779,1811,
1754:1688,1722,1754,1774,1806,1838,1844,
1755:1695,1715,1716,1729,1755,1765,1766,
1756:1690,1696,1734,1756,1775,1814,1841,
1757:1708,1730,1735,1748,1757,1789,1807,
1758:1710,1739,1758,1767,1846,1856,2049,
1759:1694,1732,1736,1759,1784,1792,1822,
1760:1712,1733,1751,1760,1769,1783,1797,
1761:1761,1771,1772,1778,1785,1809,1830,
1762:1704,1744,1753,1762,1802,1811,1837,
1763:1714,1716,1746,1763,1780,1812,1825,
1764:1689,1705,1764,1774,1775,1839,1840,
1765:1697,1729,1730,1755,1765,1766,1789,
1766:1716,1746,1747,1755,1765,1766,1789,
1767:1710,1758,1767,1791,1796,1848,1856,
1768:1720,1733,1768,1769,1805,1832,1881,
1769:1733,1760,1768,1769,1783,1832,2050,
1770:1700,1711,1770,1777,1786,1836,1850,
1771:1683,1699,1713,1761,1771,1772,1785,
1772:1684,1699,1727,1761,1771,1772,1778,
1773:1701,1728,1738,1773,1787,1800,1823,
1774:1688,1689,1754,1764,1774,1838,1839,
1775:1696,1705,1756,1764,1775,1840,1841,
1776:1698,1709,1731,1732,1776,1792,1827,
1777:1711,1741,1770,1777,1784,1829,1850,
1778:1727,1737,1761,1772,1778,1786,1809,
1779:1685,1702,1752,1753,1779,1810,1811,
1780:1714,1745,1763,1780,1801,1812,1824,
1781:1706,1717,1781,1782,1793,1847,1861,
1782:1717,1719,1750,1781,1782,1794,1847,
1783:1760,1769,1783,1795,1797,1808,2050,
1784:1736,1741,1759,1777,1784,1822,1829,
1785:1713,1726,1761,1771,1785,1798,1830,
1786:1700,1737,1770,1778,1786,1809,1836,
1787:1728,1743,1773,1787,1806,1823,1843,
1788:1721,1738,1744,1788,1800,1802,1831,
1789:1730,1747,1748,1757,1765,1766,1789,
1790:1679,1707,1749,1790,1803,1855,1878,
1791:1767,1791,1796,1818,1820,1848,1874,
1792:1732,1759,1776,1792,1822,1827,1857,
1793:1706,1718,1781,1793,1816,1861,1879,
1794:1750,1782,1794,1807,1815,1845,1847,
1795:1783,1795,1808,1819,1821,1833,2050,
1796:1710,1767,1791,1796,1828,1874,1893,
1797:1751,1760,1783,1797,1799,1808,1834,
1798:1726,1742,1785,1798,1799,1830,1852,
1799:1742,1751,1797,1798,1799,1834,1852,
1800:1738,1773,1788,1800,1823,1831,1871,
1801:1745,1752,1780,1801,1810,1824,1851,
1802:1744,1762,1788,1802,1831,1837,1858,
1803:1707,1723,1790,1803,1814,1872,1878,
1804:1693,1724,1804,1817,1880,1891,2051,
1805:1720,1740,1768,1805,1842,1881,1914,
1806:1722,1743,1754,1787,1806,1843,1844,
1807:1735,1748,1750,1757,1794,1807,1815,
1808:1783,1795,1797,1808,1821,1834,1870,
1809:1761,1778,1786,1809,1830,1835,1836,
1810:1752,1779,1801,1810,1811,1851,1863,
1811:1753,1762,1779,1810,1811,1837,1863,
1812:1763,1780,1812,1824,1825,1853,1865,
1813:1746,1747,1813,1825,1826,1859,1868,
1814:1723,1734,1756,1803,1814,1841,1872,
1815:1748,1794,1807,1815,1826,1845,1854,
1816:1718,1739,1793,1816,1846,1879,1902,
1817:1724,1749,1804,1817,1855,1891,1908,
1818:1791,1818,1819,1820,1848,1866,1892,
1819:1795,1818,1819,1820,1821,1833,1866,
1820:1791,1818,1819,1820,1821,1874,1888,
1821:1795,1808,1819,1820,1821,1870,1888,
1822:1759,1784,1792,1822,1829,1849,1857,
1823:1773,1787,1800,1823,1843,1871,1883,
1824:1780,1801,1812,1824,1851,1853,1876,
1825:1746,1763,1812,1813,1825,1865,1868,
1826:1747,1748,1813,1815,1826,1854,1859,
1827:1725,1731,1776,1792,1827,1828,1857,
1828:1710,1725,1796,1827,1828,1857,1893,
1829:1777,1784,1822,1829,1849,1850,1862,
1830:1761,1785,1798,1809,1830,1835,1852,
1831:1788,1800,1802,1831,1858,1871,1894,
1832:1768,1769,1832,1869,1881,1904,2050,
1833:1795,1819,1833,1866,1869,1886,2050,
1834:1797,1799,1808,1834,1852,1870,1882,
1835:1809,1830,1835,1836,1852,1875,1882,
1836:1770,1786,1809,1835,1836,1850,1875,
1837:1762,1802,1811,1837,1858,1863,1864,
1838:1754,1774,1838,1839,1844,1877,1905,
1839:1764,1774,1838,1839,1840,1877,1890,
1840:1764,1775,1839,1840,1841,1890,1897,
1841:1756,1775,1814,1840,1841,1872,1897,
1842:1740,1805,1842,1880,1914,1932,2051,
1843:1787,1806,1823,1843,1844,1883,1895,
1844:1754,1806,1838,1843,1844,1895,1905,
1845:1794,1815,1845,1847,1854,1860,1873,
1846:1739,1758,1816,1846,1856,1902,1903,
1847:1781,1782,1794,1845,1847,1860,1861,
1848:1767,1791,1818,1848,1856,1892,1900,
1849:1822,1829,1849,1857,1862,1887,1893,
1850:1770,1777,1829,1836,1850,1862,1875,
1851:1801,1810,1824,1851,1863,1876,1884,
1852:1798,1799,1830,1834,1835,1852,1882,
1853:1812,1824,1853,1865,1867,1876,1896,
1854:1815,1826,1845,1854,1859,1873,1885,
1855:1749,1790,1817,1855,1878,1908,1926,
1856:1758,1767,1846,1848,1856,1900,1903,
1857:1792,1822,1827,1828,1849,1857,1893,
1858:1802,1831,1837,1858,1864,1894,1918,
1859:1813,1826,1854,1859,1868,1885,1901,
1860:1845,1847,1860,1861,1873,1898,1899,
1861:1781,1793,1847,1860,1861,1879,1899,
1862:1829,1849,1850,1862,1875,1887,2052,
1863:1810,1811,1837,1851,1863,1864,1884,
1864:1837,1858,1863,1864,1884,1911,1918,
1865:1812,1825,1853,1865,1868,1896,1907,
1866:1818,1819,1833,1866,1886,1892,1917,
1867:1853,1867,1876,1889,1896,1906,1916,
1868:1813,1825,1859,1865,1868,1901,1907,
1869:1832,1833,1869,1886,1904,1910,2050,
1870:1808,1821,1834,1870,1882,1888,2052,
1871:1800,1823,1831,1871,1883,1894,1915,
1872:1803,1814,1841,1872,1878,1897,1930,
1873:1845,1854,1860,1873,1885,1898,1921,
1874:1791,1796,1820,1874,1887,1888,1893,
1875:1835,1836,1850,1862,1875,1882,2052,
1876:1824,1851,1853,1867,1876,1884,1889,
1877:1838,1839,1877,1890,1905,1920,1934,
1878:1790,1803,1855,1872,1878,1926,1930,
1879:1793,1816,1861,1879,1899,1902,1912,
1880:1804,1842,1880,1891,1932,1947,2051,
1881:1768,1805,1832,1881,1904,1914,1950,
1882:1834,1835,1852,1870,1875,1882,2052,
1883:1823,1843,1871,1883,1895,1915,1951,
1884:1851,1863,1864,1876,1884,1889,1911,
1885:1854,1859,1873,1885,1901,1921,1924,
1886:1833,1866,1869,1886,1910,1913,1917,
1887:1849,1862,1874,1887,1888,1893,2052,
1888:1820,1821,1870,1874,1887,1888,2052,
1889:1867,1876,1884,1889,1906,1911,1919,
1890:1839,1840,1877,1890,1897,1920,1923,
1891:1804,1817,1880,1891,1908,1945,1947,
1892:1818,1848,1866,1892,1900,1917,1931,
1893:1796,1828,1849,1857,1874,1887,1893,
1894:1831,1858,1871,1894,1915,1918,1943,
1895:1843,1844,1883,1895,1905,1951,1955,
1896:1853,1865,1867,1896,1907,1916,1922,
1897:1840,1841,1872,1890,1897,1923,1930,
1898:1860,1873,1898,1899,1921,1925,1944,
1899:1860,1861,1879,1898,1899,1912,1925,
1900:1848,1856,1892,1900,1903,1909,1931,
1901:1859,1868,1885,1901,1907,1924,1935,
1902:1816,1846,1879,1902,1903,1912,1928,
1903:1846,1856,1900,1902,1903,1909,1928,
1904:1832,1869,1881,1904,1910,1950,1954,
1905:1838,1844,1877,1895,1905,1934,1955,
1906:1867,1889,1906,1916,1919,1939,1956,
1907:1865,1868,1896,1901,1907,1922,1935,
1908:1817,1855,1891,1908,1926,1945,1959,
1909:1900,1903,1909,1928,1931,1937,1946,
1910:1869,1886,1904,1910,1913,1938,1954,
1911:1864,1884,1889,1911,1918,1919,1933,
1912:1879,1899,1902,1912,1925,1928,1929,
1913:1886,1910,1913,1917,1938,1942,1948,
1914:1805,1842,1881,1914,1932,1950,1984,
1915:1871,1883,1894,1915,1943,1951,1966,
1916:1867,1896,1906,1916,1922,1927,1939,
1917:1866,1886,1892,1913,1917,1931,1948,
1918:1858,1864,1894,1911,1918,1933,1943,
1919:1889,1906,1911,1919,1933,1956,1957,
1920:1877,1890,1920,1923,1934,1958,1963,
1921:1873,1885,1898,1921,1924,1936,1944,
1922:1896,1907,1916,1922,1927,1935,1962,
1923:1890,1897,1920,1923,1930,1949,1958,
1924:1885,1901,1921,1924,1935,1936,1961,
1925:1898,1899,1912,1925,1929,1941,1944,
1926:1855,1878,1908,1926,1930,1949,1959,
1927:1916,1922,1927,1939,1952,1962,1969,
1928:1902,1903,1909,1912,1928,1929,1937,
1929:1912,1925,1928,1929,1937,1941,1953,
1930:1872,1878,1897,1923,1926,1930,1949,
1931:1892,1900,1909,1917,1931,1946,1948,
1932:1842,1880,1914,1932,1947,1984,1989,
1933:1911,1918,1919,1933,1943,1957,1972,
1934:1877,1905,1920,1934,1955,1963,1968,
1935:1901,1907,1922,1924,1935,1961,1962,
1936:1921,1924,1936,1940,1944,1961,1964,
1937:1909,1928,1929,1937,1946,1953,1980,
1938:1910,1913,1938,1942,1954,1978,1988,
1939:1906,1916,1927,1939,1952,1956,1967,
1940:1936,1940,1941,1944,1964,1965,1970,
1941:1925,1929,1940,1941,1944,1953,1965,
1942:1913,1938,1942,1948,1960,1971,1978,
1943:1894,1915,1918,1933,1943,1966,1972,
1944:1898,1921,1925,1936,1940,1941,1944,
1945:1891,1908,1945,1947,1959,1976,1987,
1946:1909,1931,1937,1946,1948,1960,1980,
1947:1880,1891,1932,1945,1947,1987,1989,
1948:1913,1917,1931,1942,1946,1948,1960,
1949:1923,1926,1930,1949,1958,1959,1986,
1950:1881,1904,1914,1950,1954,1981,1984,
1951:1883,1895,1915,1951,1955,1966,1982,
1952:1927,1939,1952,1967,1969,1973,1974,
1953:1929,1937,1941,1953,1965,1980,1994,
1954:1904,1910,1938,1950,1954,1981,1988,
1955:1895,1905,1934,1951,1955,1968,1982,
1956:1906,1919,1939,1956,1957,1967,1990,
1957:1919,1933,1956,1957,1972,1990,1999,
1958:1920,1923,1949,1958,1963,1986,1992,
1959:1908,1926,1945,1949,1959,1976,1986,
1960:1942,1946,1948,1960,1971,1977,1980,
1961:1924,1935,1936,1961,1962,1964,1991,
1962:1922,1927,1935,1961,1962,1969,1991,
1963:1920,1934,1958,1963,1968,1992,2001,
1964:1936,1940,1961,1964,1970,1985,1991,
1965:1940,1941,1953,1965,1970,1975,1994,
1966:1915,1943,1951,1966,1972,1982,2007,
1967:1939,1952,1956,1967,1973,1990,2000,
1968:1934,1955,1963,1968,1982,1995,2001,
1969:1927,1952,1962,1969,1974,1991,2008,
1970:1940,1964,1965,1970,1975,1985,1993,
1971:1942,1960,1971,1977,1978,1997,2005,
1972:1933,1943,1957,1966,1972,1999,2007,
1973:1952,1967,1973,1974,1983,2000,2010,
1974:1952,1969,1973,1974,1983,1996,2008,
1975:1965,1970,1975,1993,1994,1998,2004,
1976:1945,1959,1976,1979,1986,1987,2003,
1977:1960,1971,1977,1980,1994,1997,1998,
1978:1938,1942,1971,1978,1988,2005,2012,
1979:1976,1979,1986,1992,2003,2011,2014,
1980:1937,1946,1953,1960,1977,1980,1994,
1981:1950,1954,1981,1984,1988,2015,2022,
1982:1951,1955,1966,1968,1982,1995,2007,
1983:1973,1974,1983,1996,2002,2010,2019,
1984:1914,1932,1950,1981,1984,1989,2015,
1985:1964,1970,1985,1991,1993,2008,2009,
1986:1949,1958,1959,1976,1979,1986,1992,
1987:1945,1947,1976,1987,1989,2003,2006,
1988:1938,1954,1978,1981,1988,2012,2022,
1989:1932,1947,1984,1987,1989,2006,2015,
1990:1956,1957,1967,1990,1999,2000,2016,
1991:1961,1962,1964,1969,1985,1991,2008,
1992:1958,1963,1979,1986,1992,2001,2014,
1993:1970,1975,1985,1993,2004,2009,2018,
1994:1953,1965,1975,1977,1980,1994,1998,
1995:1968,1982,1995,2001,2007,2013,2024,
1996:1974,1983,1996,2002,2008,2009,2017,
1997:1971,1977,1997,1998,2005,2020,2028,
1998:1975,1977,1994,1997,1998,2004,2020,
1999:1957,1972,1990,1999,2007,2013,2016,
2000:1967,1973,1990,2000,2010,2016,2037,
2001:1963,1968,1992,1995,2001,2014,2024,
2002:1983,1996,2002,2017,2019,2025,2026,
2003:1976,1979,1987,2003,2006,2011,2021,
2004:1975,1993,1998,2004,2018,2020,2027,
2005:1971,1978,1997,2005,2012,2028,2034,
2006:1987,1989,2003,2006,2015,2021,2023,
2007:1966,1972,1982,1995,1999,2007,2013,
2008:1969,1974,1985,1991,1996,2008,2009,
2009:1985,1993,1996,2008,2009,2017,2018,
2010:1973,1983,2000,2010,2019,2037,2042,
2011:1979,2003,2011,2014,2021,2029,2032,
2012:1978,1988,2005,2012,2022,2034,2036,
2013:1995,1999,2007,2013,2016,2024,2031,
2014:1979,1992,2001,2011,2014,2024,2032,
2015:1981,1984,1989,2006,2015,2022,2023,
2016:1990,1999,2000,2013,2016,2031,2037,
2017:1996,2002,2009,2017,2018,2025,2033,
2018:1993,2004,2009,2017,2018,2027,2033,
2019:1983,2002,2010,2019,2026,2035,2042,
2020:1997,1998,2004,2020,2027,2028,2041,
2021:2003,2006,2011,2021,2023,2029,2040,
2022:1981,1988,2012,2015,2022,2023,2036,
2023:2006,2015,2021,2022,2023,2036,2040,
2024:1995,2001,2013,2014,2024,2031,2032,
2025:2002,2017,2025,2026,2027,2033,2041,
2026:2002,2019,2025,2026,2030,2035,2041,
2027:2004,2018,2020,2025,2027,2033,2041,
2028:1997,2005,2020,2028,2030,2034,2041,
2029:2011,2021,2029,2032,2038,2040,2043,
2030:2026,2028,2030,2034,2035,2039,2041,
2031:2013,2016,2024,2031,2032,2037,2038,
2032:2011,2014,2024,2029,2031,2032,2038,
2033:2017,2018,2025,2027,2033,
2034:2005,2012,2028,2030,2034,2036,2039,
2035:2019,2026,2030,2035,2039,2042,2043,
2036:2012,2022,2023,2034,2036,2039,2040,
2037:2000,2010,2016,2031,2037,2038,2042,
2038:2029,2031,2032,2037,2038,2042,2043,
2039:2030,2034,2035,2036,2039,2040,2043,
2040:2021,2023,2029,2036,2039,2040,2043,
2041:2020,2025,2026,2027,2028,2030,2041,
2042:2010,2019,2035,2037,2038,2042,2043,
2043:2029,2035,2038,2039,2040,2042,2043,
2044:1100,1126,1163,1205,1212,1227,2044,
2045:1466,1476,1483,1509,1558,2045,2046,
2046:1425,1426,1465,1476,1509,2045,2046,
2047:1585,1596,1603,1630,1642,1663,2047,
2048:1642,1663,1676,1712,1742,1751,2048,
2049:1629,1669,1710,1725,1739,1758,2049,
2050:1769,1783,1795,1832,1833,1869,2050,
2051:1681,1693,1740,1804,1842,1880,2051,
2052:1862,1870,1875,1882,1887,1888,2052,
